src/images/mdt.asc
ncols        400
nrows        400
xllcorner    591112.500000000000
yllcorner    4615837.500000000000
cellsize     50.000000000000
cellsize     50.000000000000
[rows 195 to 233 of 400, columns 264 to 351 of 400]
913 911 910 905 902 899 896 892 888 884 873 859 846 837 831 827 829 823 817 815 807 816 836 851 862 861 860 860 857 852 847 845 846 849 848 845 841 838 834 828 820 815 808 804 801 796 791 792 794 791 783 771 768 744 737 737 737 737 736 735 735 734 736 740 750 760 772 785 799 807 806 804 802 800 798 796 793 789 786 782 778 772 768 765 762 754 748 745
912 909 906 902 899 896 892 888 885 883 873 862 854 845 838 830 822 822 831 821 804 814 835 851 861 861 856 854 855 855 850 845 844 848 847 843 840 838 836 828 819 817 813 799 781 792 801 793 775 760 752 744 742 741 739 739 739 739 739 736 735 739 743 754 762 773 784 797 808 808 807 805 803 801 799 796 792 788 784 780 778 774 767 758 753 749 751 754
908 905 901 895 889 884 880 879 869 864 859 853 845 840 835 832 826 819 815 809 801 819 836 855 859 858 854 846 847 857 857 848 841 840 842 840 838 835 835 822 808 803 804 789 771 765 771 763 747 745 745 743 742 742 741 741 740 739 738 738 741 747 755 765 776 786 796 808 810 810 808 805 804 802 800 797 794 792 789 787 784 776 762 754 752 752 759 765
897 894 890 885 878 873 868 861 855 849 843 837 830 823 819 814 809 802 799 796 795 808 823 846 856 855 846 838 835 847 859 854 841 831 826 827 818 825 825 815 796 788 788 764 754 751 750 748 747 747 746 745 745 744 744 742 741 740 742 745 751 758 768 779 792 801 810 811 811 810 809 807 805 803 801 798 796 794 791 788 781 770 756 753 758 765 769 770
886 886 879 872 867 862 856 849 842 835 828 822 817 812 809 805 802 803 805 802 797 792 801 826 843 845 840 826 818 833 841 839 830 825 807 797 788 783 782 781 769 762 758 755 753 752 751 750 750 750 749 748 747 746 745 744 745 748 751 755 762 770 780 792 805 813 814 813 812 811 809 808 806 804 802 799 797 794 790 784 776 762 755 764 772 776 773 772
871 869 866 861 856 850 844 837 830 825 820 816 812 809 808 811 818 824 824 815 804 796 789 799 823 823 819 804 792 803 813 805 794 790 780 772 765 764 762 760 760 757 756 756 755 754 753 753 752 751 750 750 749 750 750 752 753 756 762 767 774 784 795 805 814 816 815 814 813 812 810 808 807 805 803 800 797 793 786 777 767 759 759 774 778 777 775 773
861 858 855 852 846 841 834 829 824 820 817 816 815 815 822 828 837 844 837 825 811 800 790 786 786 787 782 778 777 775 774 772 771 769 767 766 766 765 763 762 761 760 759 758 756 755 754 754 756 754 755 754 753 754 755 758 763 769 776 782 788 796 807 816 818 818 817 815 814 813 811 809 807 805 803 801 798 794 788 779 764 758 773 782 782 778 776 773
847 845 843 839 837 834 830 826 823 822 827 828 826 824 829 845 849 859 849 834 820 807 796 785 784 783 780 777 776 775 775 773 772 771 770 769 769 766 765 763 762 762 760 760 758 760 759 757 761 761 760 759 763 765 767 770 776 782 791 797 802 811 817 820 820 819 818 817 815 813 812 810 808 806 804 801 798 792 784 773 761 768 782 785 784 780 776 774
849 846 842 839 835 831 829 829 837 840 840 835 832 828 824 828 837 841 843 840 829 816 803 786 784 781 780 778 779 778 777 776 775 774 773 771 770 769 769 767 766 765 766 765 764 765 767 765 767 769 769 772 774 778 780 784 791 796 805 814 818 820 822 822 821 820 819 817 816 815 813 811 809 807 804 800 794 785 774 763 771 781 787 785 783 779 776 774
851 847 844 839 835 833 833 840 846 852 855 851 842 833 824 817 813 816 817 816 808 797 795 784 783 783 782 782 781 780 778 777 777 776 774 773 773 772 772 771 770 771 769 770 769 777 779 781 782 780 783 787 789 791 794 799 804 813 818 823 824 824 824 823 822 820 819 818 816 815 813 811 809 807 801 793 782 773 765 774 785 790 789 786 783 779 776 774
849 845 842 842 843 844 853 855 856 862 867 866 859 845 832 821 813 808 803 797 790 789 787 788 787 787 786 785 783 781 779 779 778 777 776 775 775 775 775 774 774 775 779 781 785 791 794 802 797 793 797 802 807 808 809 813 818 824 827 828 827 826 825 824 822 821 820 818 817 815 813 810 809 803 795 783 773 769 777 786 792 792 789 786 782 779 776 775
853 855 856 862 864 858 864 867 865 868 869 869 865 858 848 837 825 813 805 792 791 791 791 790 789 788 788 787 785 783 782 780 779 779 778 777 777 780 781 779 781 784 789 794 801 812 815 819 816 808 812 819 824 824 826 828 832 831 830 831 829 827 825 824 823 822 821 818 815 810 806 803 799 791 782 773 769 780 792 795 796 793 789 786 783 780 777 776
873 875 877 881 878 871 873 869 866 861 860 862 863 861 855 845 822 807 794 794 794 793 792 791 791 790 790 789 786 785 785 785 786 787 786 789 790 786 784 787 791 799 804 810 816 827 833 835 828 821 825 832 835 835 834 834 833 832 831 830 829 827 826 824 823 822 819 811 801 793 787 786 781 780 776 773 780 792 800 799 797 794 791 788 786 783 779 779
895 897 892 892 887 882 879 868 857 851 845 847 847 844 839 824 801 797 795 796 796 795 793 793 792 791 790 790 789 789 787 792 795 799 802 804 806 794 789 796 805 813 820 827 828 839 845 844 838 835 839 839 839 838 837 836 834 833 832 831 829 827 826 824 822 821 809 797 790 790 790 789 788 786 777 781 794 801 801 800 798 796 793 791 788 784 782 782
902 903 899 892 885 880 869 857 844 836 831 833 833 833 826 806 800 797 797 798 798 798 796 795 794 792 793 794 792 797 800 808 812 815 819 820 814 797 795 806 818 830 836 840 842 847 848 847 844 843 842 841 840 839 838 836 835 834 832 830 828 827 825 823 820 812 798 794 801 806 806 805 803 796 778 784 800 804 803 802 801 799 796 794 791 788 785 785
903 901 892 882 873 865 857 845 833 825 820 816 814 812 807 805 801 800 800 801 800 799 798 797 795 795 797 799 805 809 815 825 828 831 834 831 814 802 801 816 830 843 851 851 851 850 849 848 847 845 844 842 840 839 837 836 835 833 833 829 826 821 820 819 814 802 800 808 813 816 815 812 808 801 786 785 798 805 806 804 803 801 799 797 794 791 787 788
903 895 883 866 856 850 847 837 825 820 816 814 812 809 806 804 802 802 803 803 802 801 799 798 797 800 807 813 819 824 830 835 842 843 847 840 823 808 809 826 840 850 854 854 853 852 851 849 848 846 844 842 840 838 835 831 829 831 831 824 816 810 807 806 804 802 812 817 819 818 816 813 808 802 790 783 797 806 807 807 806 804 802 799 796 791 790 793
883 873 864 853 839 834 829 825 821 827 822 822 818 810 806 805 805 805 805 805 804 803 801 800 804 811 819 828 832 836 843 849 852 854 854 846 825 811 816 833 847 854 855 855 854 853 851 850 848 846 844 842 839 836 830 825 822 822 823 817 813 816 815 811 811 816 820 821 818 815 813 809 805 796 784 786 802 809 809 809 807 806 804 800 795 793 796 798
856 847 843 837 834 832 829 831 839 847 844 837 827 811 808 807 806 807 807 806 805 805 803 808 814 827 834 841 846 849 853 856 859 860 860 853 834 815 822 839 852 856 855 855 854 853 852 850 848 845 841 837 834 832 828 830 829 822 818 819 823 824 825 823 822 823 822 819 814 805 801 798 792 786 798 786 805 811 811 810 810 807 803 799 798 799 803 804
854 850 847 842 840 836 836 846 858 866 861 842 818 811 810 810 809 809 809 807 807 806 809 816 828 839 847 851 853 857 860 863 864 864 862 855 834 819 829 845 855 857 856 855 854 852 852 850 847 843 839 838 834 833 835 836 834 831 829 829 828 829 828 827 825 823 820 814 809 810 805 796 790 801 801 794 810 813 813 812 811 807 802 804 804 804 806 806
858 854 849 845 841 841 851 865 878 878 853 830 813 812 812 810 811 812 811 810 809 812 818 827 837 849 855 857 859 862 864 866 866 865 860 845 828 827 838 851 858 857 856 855 853 852 850 849 845 840 842 841 841 840 840 838 836 834 833 832 831 830 829 826 823 819 814 814 816 812 801 793 805 808 802 797 815 815 814 814 811 807 807 808 807 807 807 800
861 856 851 847 845 853 867 882 887 859 834 814 815 815 813 813 813 813 812 812 815 821 828 837 847 855 860 862 864 865 866 866 866 864 853 836 832 841 850 857 859 859 857 856 854 851 849 846 843 839 846 845 844 842 841 840 838 836 834 833 831 828 826 822 818 820 821 820 817 806 797 802 808 811 799 804 816 817 816 815 813 811 812 811 809 807 805 793
864 859 855 855 861 869 885 890 867 843 820 816 817 817 815 814 816 816 815 817 825 833 839 844 851 858 864 867 868 867 865 864 862 857 844 837 843 853 860 862 861 860 858 856 854 852 849 845 841 843 849 846 845 844 842 840 839 836 833 830 828 825 823 823 825 825 824 820 812 800 803 811 814 817 804 800 803 813 818 817 816 815 815 812 809 805 801 784
873 866 862 869 879 887 892 871 848 826 819 819 819 818 817 817 818 817 817 825 836 846 851 853 857 862 866 869 870 868 865 861 854 845 845 849 857 863 864 863 862 860 858 856 854 852 849 843 843 844 846 846 845 843 842 840 837 834 831 829 827 827 828 829 828 827 823 814 804 800 811 817 822 822 820 813 804 809 819 819 819 818 817 809 800 790 780 767
881 874 877 888 898 905 888 861 839 824 822 821 821 820 819 820 820 819 824 835 848 857 860 861 863 866 869 871 871 869 865 859 849 852 858 861 866 866 865 864 863 861 859 857 854 851 846 843 845 845 845 845 843 841 839 837 838 835 830 831 832 831 830 830 830 826 817 808 802 809 815 823 826 827 824 813 806 811 821 821 822 822 819 807 790 771 769 776
890 883 897 910 915 907 881 854 834 824 824 824 822 823 822 822 822 823 832 846 859 865 867 868 868 870 872 873 872 871 864 858 854 860 864 866 866 866 866 865 863 862 860 857 854 852 845 848 847 847 846 844 843 841 838 836 835 834 835 836 836 835 833 831 830 823 812 806 807 822 823 829 830 828 822 812 807 816 823 824 827 826 818 803 786 769 790 794
900 898 918 929 922 901 874 848 831 826 826 826 824 824 824 824 824 828 841 856 868 873 873 874 873 875 874 874 873 869 864 856 857 863 864 865 866 866 866 865 864 862 861 857 854 848 850 851 850 848 847 846 844 842 841 839 837 836 839 839 838 837 835 832 828 818 810 808 818 831 831 833 831 826 815 810 815 822 826 829 831 826 812 798 775 788 800 807
912 911 925 929 922 895 866 843 831 828 829 828 827 826 826 826 826 835 850 865 875 878 878 878 877 877 877 876 874 870 865 858 863 865 865 865 866 866 865 865 864 862 859 856 851 847 849 855 852 851 849 848 847 845 844 842 840 841 842 841 840 839 839 832 825 815 813 827 832 835 834 835 830 820 812 817 823 828 830 834 833 822 807 789 780 799 813 811
924 917 911 908 905 887 859 839 833 830 831 830 829 827 828 828 830 844 860 874 880 882 882 881 881 880 878 876 874 871 867 861 867 867 866 866 866 866 865 864 863 861 858 853 849 851 850 854 854 853 852 850 848 851 849 845 844 844 844 843 842 840 837 828 821 816 817 837 838 838 836 833 826 817 814 826 830 832 836 836 830 813 799 778 795 805 822 813
934 920 906 895 885 872 854 839 835 833 833 832 831 830 831 831 839 854 870 882 885 885 884 884 882 881 880 877 875 871 868 864 867 868 867 867 866 865 864 863 861 859 855 852 853 855 852 855 855 855 855 853 853 856 855 851 848 846 846 844 842 840 832 828 821 818 823 840 841 840 837 832 825 817 820 832 834 835 838 833 820 800 780 794 804 806 816 810
940 921 906 894 883 865 849 842 837 835 836 834 832 832 832 834 847 862 878 886 887 887 886 885 883 882 880 878 875 872 869 866 866 868 870 868 867 866 864 861 859 854 852 854 856 855 853 856 857 857 857 857 859 863 860 857 852 849 848 845 841 836 838 831 819 828 836 842 843 841 838 833 827 819 823 836 836 833 830 824 815 793 781 809 811 810 814 809
942 922 907 893 883 871 851 840 838 837 838 835 834 835 834 844 858 872 885 888 888 888 886 885 884 882 881 879 875 873 871 867 866 867 869 869 868 866 863 859 856 856 859 860 860 856 855 856 859 860 859 862 866 868 866 860 858 851 848 842 841 844 837 822 829 839 846 846 845 842 838 833 827 820 827 838 837 834 829 820 806 788 783 805 817 815 817 801
953 933 917 904 894 876 854 842 841 841 839 837 837 837 839 853 869 882 889 890 889 888 887 885 884 883 881 880 878 876 873 872 868 868 869 868 867 864 861 858 858 862 863 863 863 863 861 860 862 862 861 864 869 873 872 865 858 853 846 848 849 848 835 824 838 848 850 849 847 843 839 833 826 822 833 839 836 831 824 815 807 794 784 802 822 819 815 801
973 952 935 920 909 887 863 847 844 842 841 839 840 838 846 862 880 889 891 891 890 888 887 886 884 883 882 882 880 877 873 871 869 871 869 868 866 863 860 859 864 865 866 866 866 865 865 865 865 865 864 865 868 871 869 865 858 852 851 854 853 850 831 831 843 852 853 851 849 845 840 834 824 833 840 840 834 827 820 818 817 803 786 801 826 822 817 806
991 974 958 942 925 900 874 855 846 845 842 842 842 841 852 871 888 894 894 892 891 889 887 886 884 884 883 882 879 876 874 873 872 871 870 868 866 863 860 863 866 868 868 868 869 868 869 868 867 867 866 867 867 867 866 862 860 861 857 859 855 851 841 829 847 856 855 854 851 846 842 832 826 840 843 839 832 827 826 824 818 799 788 810 830 826 824 817
1013 995 979 959 935 907 882 860 849 847 844 844 844 845 857 879 894 897 896 894 892 890 888 887 886 884 882 880 879 879 878 876 878 874 872 870 867 864 862 866 869 870 871 871 871 871 871 870 871 872 868 868 868 867 865 863 864 863 862 862 857 853 844 831 849 858 857 855 852 845 837 829 838 846 844 838 833 833 830 825 814 792 792 814 833 830 829 826
1028 1009 989 967 943 914 887 863 851 847 846 846 846 848 863 884 898 899 897 896 894 892 890 888 886 886 883 882 881 881 881 881 879 880 875 871 867 865 863 869 872 873 874 874 874 873 873 874 874 874 874 870 869 869 867 864 868 865 865 862 859 852 839 834 852 860 859 856 851 840 831 836 847 848 844 839 839 837 832 819 797 792 808 830 836 834 833 832
1035 1012 990 969 944 914 884 860 852 849 849 849 850 853 870 889 900 900 898 897 895 893 891 889 889 888 885 884 885 885 885 885 882 880 875 871 868 866 865 871 874 875 876 877 877 877 876 876 877 877 878 874 872 871 869 868 868 867 866 863 859 844 839 845 858 862 860 856 848 835 841 849 852 849 844 844 845 838 830 815 794 806 824 836 839 838 837 835
1033 1010 988 967 942 911 880 857 853 851 851 851 853 860 870 886 898 901 899 897 895 894 892 893 893 890 888 889 890 891 890 887 884 880 875 875 870 869 867 873 876 878 879 879 879 879 879 879 880 880 879 878 875 872 870 871 871 870 867 864 851 844 854 844 859 863 860 855 847 837 847 855 854 850 847 849 845 834 815 799 796 809 836 841 842 842 841 838
