src/images/mdt.asc
ncols        400
nrows        400
xllcorner    591112.500000000000
yllcorner    4615837.500000000000
cellsize     50.000000000000
cellsize     50.000000000000
[rows 351 to 389 of 400, columns 0 to 87 of 400]
1390 1402 1414 1422 1429 1437 1446 1457 1471 1484 1496 1506 1513 1509 1495 1480 1463 1445 1432 1424 1416 1402 1391 1376 1355 1343 1346 1347 1345 1342 1336 1328 1324 1320 1317 1312 1304 1295 1292 1295 1295 1292 1289 1285 1283 1284 1281 1277 1276 1278 1281 1283 1287 1289 1289 1283 1277 1272 1268 1266 1263 1261 1262 1263 1262 1262 1263 1265 1267 1268 1270 1273 1276 1278 1278 1278 1279 1281 1282 1284 1285 1283 1283 1282 1283 1284 1286 1290
1383 1396 1407 1415 1422 1429 1439 1448 1460 1474 1488 1498 1506 1505 1490 1473 1452 1432 1419 1410 1402 1392 1384 1376 1358 1337 1334 1335 1333 1330 1326 1320 1314 1309 1306 1301 1291 1285 1281 1285 1286 1287 1285 1282 1280 1282 1282 1281 1280 1282 1285 1289 1292 1294 1289 1282 1277 1274 1270 1266 1264 1264 1265 1265 1265 1264 1265 1267 1268 1270 1272 1274 1278 1280 1282 1281 1283 1286 1288 1289 1290 1289 1288 1289 1288 1287 1288 1288
1378 1391 1400 1406 1413 1421 1430 1440 1452 1465 1479 1493 1501 1501 1485 1464 1442 1425 1409 1398 1389 1380 1371 1366 1354 1336 1324 1324 1324 1321 1317 1311 1303 1299 1294 1290 1285 1277 1274 1276 1280 1282 1280 1278 1274 1280 1283 1283 1283 1285 1289 1293 1295 1291 1285 1281 1279 1275 1272 1268 1267 1269 1270 1269 1268 1266 1267 1269 1270 1272 1274 1277 1280 1284 1286 1286 1288 1291 1294 1296 1297 1297 1295 1295 1293 1291 1292 1292
1374 1385 1393 1398 1405 1413 1421 1431 1443 1459 1473 1486 1496 1497 1482 1458 1434 1416 1402 1389 1377 1368 1355 1352 1346 1334 1320 1314 1314 1313 1309 1302 1295 1290 1287 1284 1280 1273 1268 1269 1273 1276 1274 1271 1270 1278 1281 1281 1282 1286 1289 1292 1290 1285 1281 1280 1279 1277 1273 1270 1272 1274 1275 1273 1270 1268 1268 1270 1273 1274 1276 1279 1282 1285 1290 1293 1294 1297 1300 1304 1305 1305 1303 1302 1298 1296 1296 1299
1369 1379 1386 1390 1396 1403 1413 1424 1436 1451 1467 1480 1492 1494 1478 1453 1429 1411 1399 1384 1371 1358 1347 1341 1337 1329 1320 1309 1304 1303 1299 1292 1287 1283 1281 1279 1276 1273 1266 1263 1266 1270 1270 1263 1268 1273 1276 1276 1279 1284 1286 1287 1284 1280 1278 1279 1279 1277 1274 1275 1278 1281 1282 1278 1273 1271 1270 1272 1274 1277 1279 1280 1284 1288 1292 1299 1302 1305 1309 1311 1313 1314 1312 1309 1306 1303 1302 1305
1363 1373 1379 1382 1388 1396 1406 1419 1431 1446 1461 1474 1490 1491 1477 1449 1425 1408 1394 1380 1368 1356 1345 1336 1329 1325 1318 1309 1296 1294 1290 1285 1281 1277 1275 1274 1271 1269 1266 1258 1261 1266 1266 1259 1262 1263 1266 1270 1277 1282 1282 1280 1278 1275 1273 1277 1279 1276 1275 1279 1283 1287 1289 1283 1277 1274 1273 1274 1277 1280 1282 1284 1288 1293 1297 1303 1308 1311 1317 1321 1324 1324 1322 1317 1314 1311 1309 1307
1359 1367 1371 1375 1382 1391 1403 1415 1426 1440 1455 1470 1483 1484 1469 1446 1424 1407 1392 1378 1365 1352 1343 1333 1324 1316 1311 1305 1296 1287 1283 1278 1274 1271 1269 1268 1266 1265 1263 1257 1256 1262 1262 1255 1256 1260 1269 1276 1280 1282 1277 1271 1271 1269 1270 1275 1277 1274 1274 1280 1286 1290 1293 1290 1285 1281 1279 1277 1279 1283 1286 1288 1293 1300 1306 1311 1318 1320 1328 1331 1334 1336 1334 1326 1322 1320 1316 1313
1355 1359 1362 1368 1378 1387 1399 1411 1424 1437 1454 1468 1480 1482 1465 1447 1426 1411 1392 1377 1363 1351 1341 1331 1322 1314 1307 1299 1293 1287 1282 1276 1271 1266 1263 1262 1261 1260 1260 1256 1250 1256 1257 1249 1252 1262 1270 1277 1282 1281 1272 1265 1264 1263 1268 1272 1273 1267 1274 1281 1288 1296 1297 1297 1294 1292 1288 1281 1282 1285 1289 1292 1298 1307 1314 1319 1327 1335 1341 1347 1350 1350 1346 1338 1331 1329 1321 1320
1348 1351 1356 1363 1372 1382 1396 1410 1423 1437 1453 1468 1483 1487 1469 1451 1432 1410 1393 1378 1363 1349 1338 1329 1320 1312 1305 1298 1292 1287 1282 1277 1272 1267 1261 1256 1255 1255 1256 1254 1246 1251 1251 1246 1256 1265 1273 1279 1281 1276 1266 1260 1258 1257 1264 1267 1265 1267 1274 1282 1289 1296 1300 1303 1302 1302 1299 1291 1284 1287 1292 1296 1303 1313 1321 1328 1335 1345 1354 1362 1366 1365 1361 1351 1342 1336 1327 1328
1340 1344 1350 1359 1370 1380 1393 1408 1421 1436 1452 1467 1487 1491 1475 1455 1435 1413 1395 1378 1362 1347 1336 1327 1319 1310 1303 1297 1291 1286 1281 1277 1272 1268 1263 1258 1251 1250 1251 1251 1247 1244 1245 1246 1257 1267 1276 1281 1277 1267 1260 1255 1254 1254 1259 1260 1261 1267 1275 1283 1291 1297 1302 1307 1310 1312 1308 1297 1287 1290 1297 1302 1306 1314 1326 1337 1345 1354 1365 1375 1381 1382 1377 1368 1355 1349 1339 1338
1334 1340 1347 1358 1367 1378 1390 1405 1419 1433 1450 1469 1487 1499 1479 1458 1437 1414 1397 1378 1362 1347 1335 1325 1317 1310 1301 1295 1289 1284 1279 1275 1271 1267 1263 1258 1252 1246 1245 1246 1246 1240 1238 1248 1259 1269 1278 1279 1271 1261 1256 1252 1251 1251 1252 1258 1263 1267 1274 1283 1290 1295 1302 1309 1314 1319 1314 1298 1290 1296 1303 1310 1314 1320 1330 1340 1352 1361 1372 1384 1393 1396 1392 1384 1374 1365 1349 1346
1329 1336 1346 1356 1366 1379 1390 1403 1417 1431 1449 1468 1486 1497 1479 1457 1433 1413 1394 1377 1360 1347 1335 1326 1317 1308 1300 1293 1287 1282 1277 1273 1269 1265 1261 1257 1253 1247 1241 1241 1242 1240 1238 1250 1260 1269 1276 1271 1264 1257 1252 1250 1248 1248 1253 1258 1262 1266 1273 1280 1286 1293 1301 1309 1315 1321 1316 1301 1297 1301 1309 1318 1324 1329 1339 1350 1359 1369 1380 1391 1402 1408 1405 1398 1390 1380 1360 1357
1327 1336 1346 1357 1369 1379 1390 1404 1417 1431 1447 1466 1487 1495 1476 1454 1430 1408 1391 1374 1358 1346 1335 1326 1317 1308 1299 1291 1285 1279 1274 1270 1266 1262 1259 1256 1253 1249 1244 1236 1236 1236 1237 1249 1260 1266 1266 1263 1258 1253 1249 1247 1245 1246 1251 1256 1259 1264 1270 1276 1282 1291 1299 1307 1314 1319 1316 1306 1305 1308 1315 1324 1333 1340 1348 1359 1370 1379 1389 1400 1410 1417 1417 1412 1402 1388 1372 1370
1329 1339 1349 1361 1371 1382 1394 1406 1418 1431 1446 1466 1484 1490 1470 1448 1424 1405 1387 1373 1356 1344 1334 1325 1316 1308 1299 1290 1282 1276 1271 1266 1263 1259 1256 1254 1252 1249 1244 1238 1232 1232 1235 1247 1256 1259 1257 1255 1253 1250 1247 1245 1243 1244 1248 1253 1258 1262 1266 1271 1279 1287 1296 1305 1312 1318 1318 1312 1309 1312 1320 1329 1339 1348 1357 1368 1379 1390 1399 1409 1419 1426 1426 1422 1409 1393 1386 1385
1332 1341 1350 1361 1372 1383 1395 1407 1419 1433 1449 1463 1478 1482 1464 1444 1421 1401 1385 1369 1353 1342 1333 1323 1315 1306 1298 1289 1280 1273 1267 1262 1259 1256 1253 1251 1250 1247 1244 1240 1234 1227 1233 1245 1251 1252 1250 1249 1248 1246 1245 1244 1242 1243 1248 1253 1257 1260 1263 1268 1275 1284 1295 1305 1313 1319 1322 1313 1309 1313 1322 1332 1342 1352 1362 1373 1385 1397 1408 1418 1428 1435 1435 1431 1423 1406 1403 1401
1332 1340 1349 1359 1370 1382 1394 1407 1420 1433 1448 1463 1477 1481 1462 1443 1420 1399 1383 1366 1352 1339 1329 1320 1311 1303 1295 1287 1279 1270 1264 1259 1256 1251 1248 1246 1246 1245 1242 1238 1233 1225 1233 1242 1245 1245 1243 1243 1243 1243 1242 1242 1239 1241 1247 1251 1255 1257 1259 1264 1271 1282 1293 1304 1313 1321 1324 1313 1305 1312 1321 1331 1341 1351 1361 1370 1383 1396 1410 1424 1434 1442 1445 1442 1435 1426 1420 1417
1331 1339 1347 1357 1369 1380 1392 1405 1417 1432 1447 1463 1477 1479 1461 1441 1418 1398 1382 1365 1351 1337 1325 1316 1307 1299 1291 1283 1276 1269 1262 1257 1252 1248 1244 1241 1242 1242 1240 1235 1226 1224 1233 1236 1239 1238 1237 1238 1239 1239 1238 1238 1237 1239 1244 1248 1251 1253 1257 1262 1269 1279 1290 1301 1310 1318 1321 1313 1300 1308 1317 1321 1328 1337 1347 1358 1371 1388 1406 1424 1438 1447 1453 1455 1451 1445 1440 1437
1329 1337 1346 1355 1368 1380 1393 1406 1418 1428 1446 1463 1477 1476 1459 1439 1417 1397 1380 1363 1348 1334 1322 1311 1302 1295 1288 1281 1274 1267 1260 1255 1250 1245 1241 1236 1237 1238 1237 1233 1223 1225 1227 1229 1234 1233 1233 1234 1235 1235 1234 1236 1235 1237 1241 1245 1248 1251 1256 1260 1267 1275 1285 1295 1303 1306 1308 1307 1294 1303 1308 1319 1329 1339 1351 1364 1377 1393 1409 1426 1442 1452 1459 1463 1463 1462 1458 1454
1327 1335 1344 1356 1368 1381 1394 1407 1420 1428 1445 1462 1476 1476 1456 1435 1413 1393 1377 1360 1344 1330 1318 1307 1298 1291 1284 1277 1271 1264 1258 1253 1248 1243 1238 1231 1230 1234 1234 1231 1224 1216 1218 1225 1229 1230 1229 1230 1231 1231 1232 1234 1233 1234 1238 1243 1247 1250 1254 1258 1264 1270 1277 1283 1285 1286 1293 1297 1290 1298 1310 1324 1336 1348 1361 1373 1387 1401 1415 1430 1444 1451 1452 1462 1470 1474 1474 1471
1324 1334 1346 1358 1369 1381 1393 1405 1417 1430 1444 1460 1477 1473 1451 1430 1409 1390 1373 1356 1340 1326 1313 1303 1295 1287 1279 1272 1266 1261 1256 1251 1246 1242 1237 1231 1223 1228 1231 1230 1226 1214 1214 1220 1225 1225 1225 1226 1227 1228 1228 1229 1229 1232 1237 1242 1245 1249 1252 1256 1260 1262 1264 1266 1271 1274 1280 1282 1287 1297 1309 1323 1336 1350 1364 1378 1393 1407 1421 1432 1436 1434 1439 1452 1468 1479 1486 1488
1326 1337 1347 1359 1368 1378 1389 1400 1412 1424 1439 1455 1472 1465 1445 1424 1403 1384 1367 1351 1335 1320 1308 1299 1291 1283 1275 1268 1262 1257 1253 1248 1244 1239 1235 1230 1221 1222 1228 1229 1227 1218 1211 1215 1221 1222 1221 1222 1223 1224 1225 1226 1225 1230 1235 1241 1244 1247 1250 1253 1255 1257 1259 1261 1265 1268 1272 1277 1286 1296 1307 1320 1334 1348 1362 1377 1392 1406 1421 1419 1418 1420 1436 1453 1470 1483 1493 1500
1328 1338 1348 1356 1364 1373 1382 1393 1404 1417 1431 1447 1462 1457 1437 1416 1394 1377 1361 1345 1330 1315 1302 1295 1286 1279 1271 1265 1258 1254 1249 1245 1241 1237 1232 1228 1222 1216 1222 1226 1227 1221 1208 1210 1217 1219 1218 1219 1220 1221 1221 1220 1222 1229 1234 1239 1242 1245 1247 1250 1252 1254 1257 1259 1262 1267 1269 1275 1283 1293 1303 1315 1329 1342 1357 1374 1388 1401 1410 1401 1404 1421 1441 1459 1476 1489 1497 1505
1328 1337 1344 1351 1357 1364 1373 1384 1395 1407 1421 1438 1452 1447 1425 1406 1384 1367 1353 1338 1323 1309 1298 1289 1281 1275 1268 1261 1255 1250 1246 1241 1237 1233 1229 1225 1220 1212 1216 1222 1225 1222 1209 1205 1212 1214 1212 1214 1216 1216 1217 1219 1224 1230 1234 1238 1241 1243 1246 1249 1252 1257 1264 1267 1269 1272 1270 1273 1279 1287 1297 1308 1322 1337 1352 1367 1381 1391 1389 1387 1404 1424 1442 1459 1476 1486 1493 1500
1329 1334 1339 1344 1349 1356 1365 1375 1386 1397 1412 1425 1437 1430 1413 1393 1373 1358 1345 1331 1317 1304 1294 1285 1277 1271 1264 1258 1252 1246 1242 1238 1233 1229 1225 1222 1218 1209 1213 1218 1221 1220 1213 1203 1207 1207 1209 1212 1214 1215 1216 1221 1224 1228 1233 1235 1238 1242 1244 1248 1252 1258 1266 1274 1283 1284 1282 1278 1276 1283 1292 1303 1317 1332 1346 1359 1369 1374 1371 1385 1404 1424 1442 1457 1468 1473 1478 1488
1328 1330 1333 1337 1343 1350 1358 1367 1378 1389 1402 1416 1426 1416 1400 1381 1363 1351 1338 1325 1312 1299 1290 1282 1273 1266 1260 1254 1248 1243 1238 1234 1229 1226 1221 1217 1213 1206 1211 1216 1218 1219 1214 1201 1204 1205 1206 1210 1214 1215 1217 1219 1222 1225 1229 1232 1237 1240 1243 1247 1251 1257 1265 1274 1283 1299 1298 1293 1289 1283 1288 1298 1311 1324 1338 1348 1353 1355 1367 1385 1404 1422 1436 1444 1450 1454 1468 1487
1326 1326 1328 1332 1338 1344 1351 1359 1369 1380 1395 1407 1417 1402 1387 1369 1355 1343 1331 1318 1307 1296 1286 1278 1269 1263 1257 1250 1244 1239 1234 1229 1225 1223 1219 1212 1207 1203 1209 1214 1217 1217 1213 1200 1202 1202 1205 1208 1212 1214 1216 1218 1221 1225 1230 1234 1237 1239 1241 1244 1249 1255 1263 1271 1280 1297 1311 1307 1300 1295 1287 1294 1305 1316 1325 1332 1337 1354 1373 1390 1405 1417 1422 1425 1431 1449 1469 1487
1321 1320 1322 1324 1330 1337 1344 1350 1360 1372 1387 1401 1408 1392 1374 1359 1347 1336 1324 1312 1301 1292 1282 1273 1265 1258 1253 1247 1241 1235 1230 1226 1221 1219 1217 1212 1204 1201 1208 1213 1215 1216 1211 1197 1198 1205 1207 1209 1212 1214 1216 1221 1224 1226 1230 1233 1235 1236 1238 1242 1247 1252 1260 1270 1280 1292 1308 1316 1316 1306 1300 1293 1300 1308 1316 1330 1345 1360 1375 1388 1395 1400 1401 1410 1431 1452 1472 1490
1317 1315 1315 1316 1320 1325 1332 1341 1352 1365 1377 1398 1403 1385 1365 1350 1339 1328 1317 1306 1295 1285 1277 1268 1262 1254 1249 1244 1238 1232 1227 1221 1216 1213 1213 1210 1204 1198 1205 1210 1213 1214 1209 1195 1199 1207 1208 1210 1213 1215 1217 1220 1223 1225 1228 1230 1231 1232 1236 1240 1244 1249 1257 1266 1275 1289 1303 1313 1319 1321 1316 1308 1300 1305 1315 1328 1341 1354 1366 1375 1376 1381 1397 1417 1437 1456 1474 1492
1312 1308 1307 1307 1311 1317 1323 1332 1343 1356 1370 1386 1391 1376 1357 1342 1332 1321 1309 1299 1289 1279 1271 1263 1256 1251 1246 1240 1235 1229 1224 1218 1212 1206 1207 1206 1203 1195 1201 1207 1210 1209 1204 1193 1199 1205 1207 1210 1213 1214 1216 1220 1221 1222 1225 1226 1226 1230 1233 1237 1241 1246 1252 1261 1270 1282 1295 1306 1315 1323 1330 1330 1323 1308 1313 1323 1334 1344 1352 1358 1368 1384 1403 1425 1446 1462 1477 1491
1306 1302 1299 1299 1301 1306 1314 1323 1335 1348 1363 1377 1382 1367 1348 1334 1325 1313 1302 1292 1282 1273 1266 1258 1251 1247 1241 1237 1232 1226 1222 1217 1210 1203 1200 1201 1199 1192 1198 1204 1206 1203 1194 1192 1199 1205 1207 1209 1211 1212 1214 1217 1219 1220 1220 1221 1223 1227 1231 1234 1238 1242 1248 1256 1266 1277 1288 1299 1309 1322 1332 1341 1345 1336 1320 1320 1328 1337 1347 1359 1373 1390 1409 1429 1448 1463 1476 1485
1301 1297 1291 1291 1293 1299 1305 1315 1327 1340 1355 1368 1373 1357 1341 1328 1317 1306 1295 1285 1275 1269 1260 1253 1246 1241 1237 1232 1228 1224 1220 1216 1211 1206 1198 1195 1195 1189 1198 1202 1202 1197 1189 1195 1202 1207 1209 1209 1210 1211 1213 1215 1217 1217 1216 1217 1221 1226 1230 1233 1236 1239 1244 1250 1259 1270 1281 1293 1304 1317 1330 1344 1355 1360 1345 1338 1336 1342 1357 1370 1382 1395 1412 1429 1447 1460 1470 1475
1296 1293 1286 1284 1287 1290 1299 1308 1319 1332 1346 1359 1362 1347 1332 1320 1309 1298 1288 1278 1270 1263 1255 1248 1242 1237 1232 1228 1224 1220 1216 1213 1210 1206 1200 1191 1189 1188 1197 1200 1199 1193 1187 1195 1203 1208 1210 1210 1209 1210 1211 1213 1216 1214 1213 1216 1221 1225 1229 1231 1233 1236 1240 1246 1254 1265 1276 1288 1300 1313 1326 1342 1356 1368 1367 1362 1358 1357 1362 1378 1391 1403 1415 1430 1445 1455 1462 1459
1292 1288 1282 1277 1278 1284 1292 1300 1312 1325 1338 1354 1350 1334 1321 1310 1301 1290 1281 1271 1264 1256 1249 1243 1237 1233 1228 1223 1219 1216 1213 1210 1208 1205 1200 1192 1186 1186 1195 1198 1195 1191 1186 1194 1202 1207 1210 1210 1208 1208 1210 1211 1214 1212 1210 1215 1219 1223 1227 1229 1231 1233 1237 1243 1250 1259 1270 1282 1294 1308 1323 1338 1354 1368 1379 1380 1378 1377 1377 1385 1400 1409 1420 1431 1442 1449 1451 1441
1287 1284 1277 1271 1271 1277 1285 1295 1305 1317 1329 1339 1337 1321 1308 1299 1291 1283 1274 1265 1257 1250 1244 1238 1232 1227 1223 1219 1215 1211 1208 1206 1204 1202 1198 1193 1187 1183 1192 1195 1192 1185 1184 1193 1200 1205 1208 1209 1208 1207 1207 1208 1211 1210 1209 1213 1217 1222 1225 1227 1228 1230 1234 1240 1246 1255 1265 1276 1289 1302 1317 1333 1348 1363 1378 1391 1396 1399 1397 1395 1408 1415 1423 1430 1435 1439 1435 1424
1283 1279 1273 1267 1266 1269 1277 1288 1299 1309 1322 1331 1325 1308 1296 1288 1282 1275 1267 1258 1250 1244 1238 1233 1227 1223 1218 1214 1209 1206 1204 1202 1201 1199 1196 1190 1186 1180 1187 1192 1189 1182 1183 1192 1198 1202 1206 1207 1207 1205 1205 1205 1206 1206 1207 1211 1215 1220 1223 1224 1225 1227 1231 1236 1242 1250 1260 1270 1283 1297 1312 1327 1342 1358 1374 1390 1402 1413 1418 1411 1412 1417 1422 1424 1426 1426 1418 1407
1278 1276 1269 1264 1260 1265 1272 1282 1292 1301 1312 1318 1307 1293 1283 1277 1272 1267 1260 1253 1244 1238 1232 1227 1222 1218 1214 1210 1205 1201 1199 1198 1198 1197 1195 1191 1184 1179 1182 1187 1181 1180 1184 1191 1196 1200 1202 1204 1206 1204 1203 1203 1203 1204 1206 1209 1213 1217 1219 1220 1221 1224 1228 1233 1239 1246 1254 1264 1276 1290 1304 1318 1333 1350 1368 1385 1401 1416 1426 1426 1415 1413 1414 1414 1413 1410 1401 1393
1274 1270 1267 1260 1255 1260 1267 1277 1285 1294 1304 1307 1293 1280 1272 1267 1263 1259 1253 1247 1239 1231 1226 1222 1217 1212 1209 1206 1201 1197 1193 1195 1195 1193 1193 1190 1185 1179 1178 1183 1177 1181 1188 1192 1196 1198 1200 1202 1205 1204 1202 1201 1202 1203 1205 1207 1211 1214 1215 1216 1219 1222 1226 1231 1236 1242 1249 1258 1270 1282 1294 1308 1324 1342 1360 1379 1396 1412 1425 1434 1420 1406 1404 1404 1400 1395 1385 1379
1269 1267 1263 1256 1250 1255 1263 1271 1280 1289 1297 1298 1279 1269 1261 1256 1253 1249 1246 1240 1233 1226 1223 1221 1213 1208 1204 1201 1198 1192 1188 1190 1191 1189 1190 1189 1185 1179 1175 1178 1176 1186 1191 1194 1196 1197 1198 1200 1203 1204 1202 1200 1200 1201 1203 1205 1208 1211 1212 1213 1217 1220 1224 1228 1233 1239 1246 1254 1264 1274 1287 1301 1317 1334 1352 1371 1389 1406 1420 1431 1420 1403 1395 1392 1387 1382 1372 1367
1263 1262 1259 1253 1247 1251 1259 1267 1275 1284 1290 1287 1268 1259 1250 1247 1244 1240 1238 1233 1227 1222 1219 1218 1209 1205 1201 1196 1193 1190 1185 1186 1188 1188 1185 1186 1183 1178 1173 1173 1177 1186 1191 1194 1195 1196 1197 1199 1201 1203 1202 1199 1198 1199 1201 1203 1206 1207 1209 1212 1216 1219 1222 1226 1232 1238 1245 1252 1259 1269 1281 1294 1309 1325 1343 1362 1382 1399 1413 1423 1414 1400 1389 1380 1373 1370 1362 1357
