src/images/mdt.asc
ncols        400
nrows        400
xllcorner    591112.500000000000
yllcorner    4615837.500000000000
cellsize     50.000000000000
cellsize     50.000000000000
[rows 234 to 272 of 400, columns 264 to 351 of 400]
1024 1002 980 959 936 908 875 857 855 854 854 853 859 873 877 882 894 900 899 897 896 895 895 896 895 893 894 895 897 898 894 890 887 882 881 879 875 872 869 874 878 880 881 882 882 882 882 882 882 882 881 880 878 876 873 873 873 871 869 859 845 857 860 850 863 865 861 854 847 838 853 858 855 852 851 848 838 823 804 799 811 828 846 847 847 846 844 839
1011 989 966 939 919 895 867 858 857 857 856 858 872 892 895 895 893 898 898 898 898 899 899 900 899 899 899 902 904 903 899 893 890 893 890 885 881 876 872 875 880 882 884 885 885 885 885 885 885 885 884 881 880 878 878 875 874 871 860 847 860 866 863 859 866 865 860 851 843 845 860 859 857 855 851 842 824 816 808 801 821 846 853 854 852 850 847 838
996 971 944 919 895 873 861 860 860 859 860 872 888 907 910 906 898 897 901 903 906 905 905 904 905 906 906 910 911 909 903 899 902 904 900 892 886 879 874 875 880 884 886 887 888 888 888 888 888 887 885 882 881 881 880 877 872 862 850 859 870 869 865 866 868 863 854 845 852 861 863 861 859 855 847 834 823 832 822 805 815 851 861 860 856 853 849 840
978 956 929 903 879 865 864 863 864 865 875 889 906 922 921 915 904 900 906 912 912 910 909 911 915 915 915 918 918 914 908 908 915 916 913 903 892 883 877 876 877 884 888 890 891 891 891 891 890 889 887 883 882 882 882 879 872 855 857 871 874 872 868 869 867 857 852 857 863 866 865 863 859 852 840 826 838 838 826 806 824 851 864 861 858 854 850 847
950 933 910 890 870 868 867 868 880 886 889 907 924 936 932 924 914 906 906 916 919 916 914 925 932 930 925 923 926 922 918 920 926 928 922 909 897 889 881 879 882 881 889 892 893 894 894 894 893 892 891 888 886 884 880 874 865 855 870 878 876 873 871 871 862 851 863 868 869 869 866 862 854 845 833 838 848 842 832 812 816 845 861 862 860 857 855 858
920 905 887 872 870 872 876 886 905 906 904 919 937 948 944 935 925 916 910 912 922 919 922 931 945 945 937 929 934 931 932 934 938 938 928 915 902 892 887 883 887 888 886 893 896 897 897 896 895 895 894 892 890 883 874 868 860 867 880 881 879 876 873 869 857 863 870 873 871 869 863 854 844 837 842 853 854 846 841 826 813 838 856 864 862 860 862 864
890 879 876 874 878 883 891 908 931 928 921 927 946 958 955 947 938 928 922 917 918 924 931 930 940 952 946 938 943 943 946 950 952 946 933 920 907 901 896 889 894 894 894 892 896 899 899 899 898 898 896 894 889 881 870 864 861 876 885 884 882 878 875 868 856 867 875 875 871 865 855 847 846 847 857 862 858 853 848 834 812 821 848 862 865 865 867 871
883 881 881 890 895 899 909 926 951 950 941 940 956 969 970 961 951 941 933 927 921 930 930 940 945 951 951 949 952 955 960 966 965 956 941 928 917 911 904 898 898 901 901 899 894 901 904 902 901 900 897 892 887 872 867 865 870 886 888 886 884 880 875 865 859 873 877 875 869 859 852 858 853 855 864 865 862 858 853 842 822 820 844 860 869 870 873 878
889 904 911 916 919 919 922 941 964 969 959 955 969 983 984 975 965 955 945 937 926 936 940 939 947 956 961 963 965 969 977 984 980 967 953 939 929 919 910 903 904 907 906 903 899 903 905 904 904 902 899 894 882 874 874 870 880 889 890 888 885 879 872 864 866 878 878 873 864 856 863 864 856 863 868 868 866 862 856 841 823 816 836 854 870 876 878 884
915 931 937 942 944 939 937 955 982 984 975 971 983 996 998 992 981 969 958 947 933 937 952 953 953 957 972 979 983 987 996 1001 993 980 965 951 938 926 914 910 910 912 911 908 903 905 908 908 906 904 897 880 877 890 889 876 885 892 891 889 885 877 867 864 875 881 877 868 860 866 870 866 862 868 870 870 867 863 857 846 830 830 822 849 871 881 884 889
942 960 968 970 971 954 954 972 998 997 989 986 998 1010 1014 1008 996 985 972 958 945 940 960 969 971 974 975 997 1004 1008 1014 1016 1006 991 974 958 945 933 926 920 915 917 917 911 906 908 910 910 908 896 882 885 894 896 891 886 893 894 893 890 883 874 866 874 882 882 874 865 871 875 874 870 870 873 872 871 868 864 859 851 835 833 822 851 873 887 891 896
971 987 996 998 990 968 975 989 1007 1010 1004 1002 1012 1025 1030 1024 1012 998 986 971 957 949 959 979 992 995 993 996 1020 1032 1034 1031 1016 998 980 966 956 946 938 930 924 922 918 913 911 913 913 910 895 888 894 901 901 897 891 895 897 896 894 890 882 872 872 884 886 882 874 872 878 879 878 876 875 875 873 871 867 863 857 845 846 829 826 855 878 892 898 903
993 1016 1027 1017 1001 985 996 1008 1023 1026 1021 1018 1026 1039 1048 1040 1028 1014 999 984 970 959 963 987 1014 1017 1014 1017 1029 1049 1054 1042 1025 1007 992 979 969 957 948 939 931 924 919 918 919 917 916 901 898 904 907 905 902 897 898 899 899 897 894 889 882 874 876 889 888 882 874 879 883 883 881 879 877 875 872 869 864 856 851 855 842 823 835 862 886 899 906 912
1015 1038 1045 1027 1009 1006 1017 1027 1040 1042 1039 1037 1041 1052 1062 1056 1044 1030 1013 998 981 968 972 996 1024 1037 1039 1038 1045 1071 1067 1050 1033 1018 1004 992 980 968 955 944 935 928 924 927 925 922 919 903 906 911 910 907 901 900 901 902 900 897 891 885 877 875 883 892 889 881 881 885 886 884 882 879 877 874 870 865 860 861 859 856 839 825 842 875 895 908 916 921
1041 1064 1057 1038 1020 1027 1037 1050 1059 1059 1056 1055 1055 1064 1075 1072 1060 1046 1028 1011 993 978 983 1007 1037 1058 1058 1064 1072 1084 1071 1053 1037 1023 1010 997 984 971 958 946 940 933 933 933 930 927 923 908 909 916 911 907 904 904 904 903 899 892 886 879 880 886 892 894 889 883 887 888 887 885 882 880 877 874 870 867 863 861 855 850 834 827 846 879 902 916 925 930
1067 1083 1066 1048 1038 1048 1059 1072 1080 1079 1074 1072 1072 1076 1087 1085 1073 1060 1043 1023 1005 989 995 1019 1051 1078 1079 1087 1084 1074 1059 1045 1034 1021 1008 995 982 970 958 954 947 939 940 938 935 931 925 907 922 920 914 911 908 906 904 901 893 888 883 886 891 895 897 896 891 887 891 890 888 885 883 880 877 874 870 867 865 861 853 845 841 828 846 881 904 920 932 938
1091 1097 1081 1063 1056 1068 1083 1094 1101 1099 1093 1089 1087 1089 1096 1101 1088 1074 1058 1036 1018 1003 1009 1032 1063 1089 1102 1104 1085 1069 1051 1036 1024 1015 1001 986 976 972 968 961 952 946 946 944 938 934 921 910 927 923 920 914 910 907 901 895 889 886 892 897 900 901 900 898 894 892 893 891 888 886 883 881 877 873 872 869 863 858 853 853 844 830 833 859 895 918 933 939
1116 1112 1096 1079 1074 1087 1104 1117 1122 1118 1111 1107 1104 1103 1108 1113 1104 1089 1073 1050 1030 1018 1023 1048 1078 1101 1116 1102 1093 1078 1063 1048 1033 1022 1009 999 991 984 978 969 959 955 951 946 940 929 914 930 931 927 924 916 909 901 895 892 895 901 903 905 905 905 902 900 897 896 894 890 890 887 884 880 878 877 875 871 861 858 857 858 855 843 832 848 885 913 929 934
1141 1130 1116 1098 1096 1105 1125 1139 1142 1137 1130 1124 1121 1119 1121 1124 1119 1103 1086 1064 1046 1033 1044 1067 1093 1111 1115 1100 1093 1088 1073 1058 1045 1033 1023 1013 1003 993 983 973 966 961 955 948 940 923 934 937 933 928 922 914 905 899 902 902 908 909 910 910 909 907 905 903 900 898 895 893 889 888 884 883 881 880 878 871 863 861 863 867 864 847 834 849 885 909 924 928
1160 1149 1136 1121 1114 1122 1145 1160 1163 1157 1149 1143 1137 1135 1135 1138 1133 1119 1099 1080 1064 1047 1063 1085 1107 1108 1099 1084 1071 1076 1081 1068 1058 1048 1037 1026 1013 1001 989 982 971 964 957 948 934 937 942 939 932 925 916 906 902 908 911 914 916 917 915 913 911 909 907 905 903 899 897 893 890 888 886 885 884 883 879 870 865 865 871 868 850 837 837 862 889 906 918 921
1180 1168 1156 1144 1133 1139 1163 1178 1183 1177 1168 1160 1154 1151 1149 1153 1147 1133 1114 1096 1083 1068 1085 1106 1114 1098 1080 1061 1050 1055 1065 1076 1070 1061 1048 1034 1019 1006 993 982 972 960 950 939 942 948 944 936 926 914 909 915 909 917 921 922 922 920 920 916 913 912 909 907 904 900 898 895 893 890 888 887 886 884 881 873 867 867 869 859 842 839 848 872 890 903 910 913
1201 1187 1176 1168 1158 1153 1173 1192 1201 1196 1188 1178 1171 1167 1164 1168 1163 1148 1131 1115 1101 1093 1110 1125 1111 1093 1073 1053 1036 1032 1041 1051 1059 1060 1052 1037 1021 1007 992 974 958 948 952 955 954 950 942 930 919 922 920 921 923 928 929 928 926 923 920 917 915 913 911 908 905 902 900 897 894 892 889 888 886 882 877 865 858 857 851 846 842 840 843 869 885 895 901 905
1222 1210 1197 1187 1178 1171 1176 1200 1214 1213 1206 1196 1188 1183 1180 1182 1177 1164 1148 1132 1120 1115 1130 1117 1096 1079 1063 1042 1026 1015 1016 1022 1033 1040 1045 1035 1021 1005 983 959 966 969 967 963 956 947 934 934 933 933 930 924 929 934 934 931 928 924 921 919 917 914 912 909 906 904 901 899 896 893 890 887 883 877 859 855 853 850 848 845 843 847 844 854 873 881 887 893
1245 1233 1221 1209 1199 1188 1182 1203 1221 1228 1223 1215 1205 1199 1196 1196 1192 1180 1164 1148 1132 1117 1108 1096 1079 1061 1047 1036 1036 1027 1012 1002 1006 1013 1021 1018 1003 991 968 976 985 981 973 966 958 947 948 947 942 939 935 931 936 938 936 931 929 925 923 920 918 916 913 910 908 905 902 900 897 893 889 885 875 862 859 858 862 860 848 846 852 872 857 847 850 854 860 876
1269 1257 1245 1233 1222 1211 1198 1210 1229 1243 1242 1233 1222 1215 1212 1210 1207 1195 1179 1160 1140 1116 1100 1083 1070 1061 1061 1057 1054 1041 1026 1012 999 989 995 986 981 972 982 997 1000 990 979 970 961 953 956 952 947 943 937 938 941 940 937 933 930 927 924 922 920 917 914 911 909 906 903 899 893 887 874 869 869 865 862 877 881 866 848 848 867 880 876 863 866 871 868 862
1293 1281 1268 1257 1243 1229 1214 1222 1240 1255 1260 1250 1238 1231 1227 1224 1220 1207 1189 1166 1144 1120 1102 1087 1076 1081 1082 1079 1070 1055 1038 1021 1003 986 980 978 983 998 1014 1018 1013 998 984 974 964 962 961 957 951 945 942 943 942 940 937 934 930 928 926 923 920 916 913 910 907 902 898 893 886 881 887 885 883 882 873 884 883 857 850 862 881 887 884 880 875 886 887 871
1314 1303 1290 1276 1261 1245 1229 1234 1252 1268 1274 1266 1255 1247 1242 1238 1230 1217 1197 1174 1151 1130 1115 1102 1094 1105 1100 1087 1070 1053 1034 1015 998 986 997 1000 1006 1025 1040 1036 1021 1005 990 978 967 969 966 961 955 949 946 945 943 940 936 930 929 928 925 920 917 914 911 908 901 889 888 885 892 896 898 895 891 887 885 887 884 853 864 884 892 895 892 889 888 889 893 890
1335 1325 1312 1296 1279 1262 1246 1243 1261 1278 1286 1279 1270 1263 1257 1251 1239 1223 1206 1186 1162 1146 1132 1117 1104 1094 1080 1066 1053 1036 1027 1010 993 995 1012 1022 1031 1047 1061 1045 1024 1007 994 983 975 974 969 965 959 953 949 946 943 934 923 926 922 918 917 911 908 905 906 902 894 900 898 896 902 908 910 907 900 894 891 891 885 868 855 871 886 899 898 895 895 895 897 895
1355 1344 1329 1313 1295 1278 1264 1253 1266 1284 1294 1292 1284 1278 1272 1262 1248 1232 1215 1198 1179 1163 1146 1128 1108 1094 1078 1060 1041 1027 1014 1003 1000 1009 1028 1045 1054 1064 1067 1047 1028 1012 999 989 981 977 971 967 961 954 950 943 930 931 935 936 933 927 922 916 913 911 911 903 903 906 904 903 907 916 922 919 911 903 897 898 895 885 868 858 860 875 885 892 897 900 901 901
1370 1358 1343 1327 1312 1295 1282 1272 1271 1282 1297 1301 1295 1290 1284 1272 1257 1241 1225 1211 1193 1175 1155 1135 1119 1105 1088 1066 1051 1037 1024 1011 1010 1020 1039 1061 1074 1076 1066 1049 1031 1015 1000 988 986 980 973 967 960 953 944 933 940 944 945 945 941 937 931 925 919 917 913 904 909 915 915 915 918 923 931 930 921 911 907 909 905 898 890 884 866 863 867 873 898 906 907 906
1384 1372 1358 1343 1328 1313 1301 1290 1286 1285 1296 1304 1304 1300 1293 1283 1266 1251 1235 1220 1203 1184 1166 1148 1130 1113 1098 1084 1065 1048 1034 1021 1020 1030 1047 1068 1089 1078 1056 1042 1031 1014 1001 996 992 984 975 966 957 946 937 946 953 953 953 950 946 941 935 929 923 917 912 906 914 922 927 929 932 935 940 936 925 915 921 922 917 910 904 893 875 865 880 869 889 912 915 912
1395 1384 1373 1360 1346 1333 1320 1308 1302 1298 1298 1303 1308 1307 1301 1291 1277 1259 1242 1226 1211 1194 1178 1160 1141 1126 1113 1098 1079 1061 1045 1031 1033 1046 1059 1072 1076 1063 1045 1029 1021 1013 1002 1004 998 988 976 963 953 942 951 959 959 957 954 951 947 941 935 929 922 915 910 910 918 928 937 943 947 947 948 944 932 926 935 940 933 924 914 902 886 870 868 876 871 900 921 919
1399 1396 1387 1377 1364 1351 1338 1325 1318 1313 1311 1309 1311 1313 1309 1300 1285 1268 1250 1234 1218 1202 1186 1170 1153 1138 1120 1101 1081 1061 1053 1048 1052 1065 1076 1079 1069 1055 1037 1025 1018 1011 1005 1009 992 979 969 960 947 954 962 964 960 955 951 948 944 939 933 926 919 914 912 914 922 932 943 952 958 959 958 956 944 941 952 955 945 931 912 902 881 875 871 870 879 879 904 921
1391 1405 1403 1393 1381 1370 1357 1344 1334 1328 1322 1319 1318 1319 1318 1309 1295 1278 1260 1243 1227 1211 1195 1181 1164 1146 1123 1098 1084 1077 1071 1065 1069 1087 1092 1081 1065 1049 1033 1021 1015 1013 1013 1002 986 974 965 956 949 964 971 969 963 956 949 943 939 935 929 923 920 918 917 918 926 936 947 957 965 970 972 970 965 962 970 967 952 936 913 891 892 887 873 881 892 880 881 909
1383 1403 1414 1406 1398 1388 1377 1364 1352 1344 1336 1331 1327 1327 1328 1319 1304 1288 1271 1255 1239 1222 1207 1191 1173 1148 1124 1110 1102 1093 1085 1082 1083 1096 1085 1072 1062 1051 1039 1027 1018 1011 1006 996 982 970 959 952 955 972 980 978 971 964 955 946 939 933 929 928 925 922 922 923 930 940 951 963 973 979 983 984 983 981 983 970 948 928 907 906 905 892 875 885 905 894 877 893
1373 1394 1416 1421 1414 1405 1394 1381 1368 1359 1351 1343 1338 1337 1338 1329 1316 1299 1283 1268 1252 1234 1217 1198 1175 1149 1136 1133 1121 1110 1100 1091 1082 1076 1067 1052 1043 1040 1042 1026 1007 992 985 985 972 961 956 963 967 966 981 990 985 976 964 953 944 938 935 933 928 925 928 930 935 945 957 969 980 988 995 999 999 996 987 959 937 925 918 920 912 897 877 879 898 900 879 902
1357 1385 1409 1428 1426 1418 1409 1397 1385 1376 1366 1356 1349 1347 1348 1339 1327 1311 1296 1279 1262 1244 1225 1201 1175 1163 1157 1152 1139 1125 1112 1097 1080 1061 1049 1036 1028 1022 1024 1017 1000 986 976 968 964 968 966 972 970 973 986 1000 996 987 974 962 952 944 941 936 932 930 934 937 939 949 962 976 987 998 1006 1011 1013 1009 993 970 954 943 940 932 914 900 886 882 891 900 884 903
1342 1371 1397 1417 1430 1430 1422 1412 1402 1391 1379 1368 1360 1358 1358 1350 1337 1324 1307 1290 1272 1252 1229 1207 1193 1184 1176 1166 1153 1138 1121 1101 1080 1060 1043 1029 1019 1011 1006 1003 994 982 976 968 974 975 972 974 973 980 994 1013 1006 994 982 970 958 950 945 945 941 940 942 944 950 950 964 980 994 1007 1017 1024 1026 1020 1009 991 973 961 947 926 911 900 896 892 886 912 889 903
1325 1353 1384 1406 1423 1436 1432 1425 1416 1405 1392 1379 1371 1369 1370 1362 1348 1335 1317 1299 1281 1260 1241 1226 1212 1202 1192 1179 1163 1148 1128 1106 1083 1063 1047 1033 1021 1012 1004 997 989 986 980 972 983 980 977 979 979 985 999 1020 1011 998 985 973 961 951 956 956 954 952 952 954 961 963 966 980 999 1014 1027 1035 1038 1035 1027 1014 997 976 950 929 916 913 909 890 889 908 892 913
