src/images/mdt.asc
ncols        400
nrows        400
xllcorner    591112.500000000000
yllcorner    4615837.500000000000
cellsize     50.000000000000
cellsize     50.000000000000
[rows 195 to 233 of 400, columns 0 to 87 of 400]
1480 1480 1471 1467 1462 1438 1415 1397 1395 1390 1387 1378 1367 1352 1351 1362 1370 1374 1354 1353 1356 1359 1363 1365 1367 1367 1371 1380 1389 1402 1417 1431 1443 1452 1460 1469 1478 1492 1500 1501 1501 1505 1511 1517 1525 1533 1540 1551 1561 1568 1579 1586 1589 1589 1607 1626 1644 1664 1685 1706 1722 1735 1743 1750 1756 1762 1766 1770 1772 1774 1770 1758 1744 1729 1711 1695 1692 1696 1712 1729 1742 1757 1776 1798 1825 1850 1872 1893
1468 1468 1457 1443 1435 1434 1419 1393 1376 1373 1374 1367 1358 1347 1350 1361 1371 1372 1352 1349 1352 1355 1358 1360 1361 1375 1387 1396 1407 1417 1430 1441 1450 1456 1462 1469 1477 1488 1492 1491 1491 1496 1502 1507 1516 1524 1532 1541 1550 1553 1560 1563 1568 1589 1615 1638 1657 1674 1691 1707 1721 1731 1737 1741 1744 1748 1751 1755 1758 1758 1751 1739 1725 1709 1690 1677 1690 1710 1726 1741 1753 1767 1785 1810 1834 1856 1878 1903
1446 1452 1446 1426 1424 1424 1416 1399 1388 1367 1355 1354 1346 1343 1350 1364 1376 1373 1351 1345 1348 1351 1353 1354 1372 1389 1402 1411 1420 1429 1437 1445 1452 1457 1461 1467 1475 1480 1480 1478 1482 1487 1492 1499 1506 1517 1524 1532 1536 1532 1540 1554 1578 1603 1630 1653 1671 1686 1700 1712 1720 1725 1728 1729 1731 1733 1737 1744 1746 1745 1737 1722 1707 1688 1669 1675 1699 1722 1740 1753 1765 1782 1799 1821 1841 1865 1889 1913
1425 1432 1425 1419 1406 1409 1401 1394 1385 1367 1346 1341 1340 1342 1356 1370 1379 1378 1357 1342 1344 1345 1349 1366 1384 1400 1412 1421 1429 1434 1437 1443 1448 1453 1459 1464 1469 1470 1464 1466 1471 1477 1483 1492 1501 1509 1515 1517 1515 1527 1549 1575 1600 1624 1646 1666 1683 1697 1709 1716 1718 1718 1717 1715 1714 1717 1722 1731 1734 1730 1723 1708 1690 1667 1657 1682 1706 1730 1750 1766 1778 1794 1810 1828 1851 1875 1898 1922
1400 1410 1411 1409 1401 1392 1390 1386 1376 1358 1343 1337 1338 1350 1364 1376 1381 1378 1368 1343 1339 1341 1356 1373 1390 1406 1419 1426 1428 1428 1431 1436 1444 1451 1456 1458 1458 1455 1449 1455 1461 1467 1476 1485 1493 1498 1499 1499 1510 1533 1561 1589 1616 1637 1658 1676 1692 1706 1715 1715 1712 1710 1708 1702 1701 1704 1710 1717 1720 1716 1710 1695 1675 1650 1662 1688 1711 1732 1752 1770 1787 1802 1818 1838 1858 1883 1906 1930
1392 1401 1402 1399 1393 1379 1380 1377 1368 1347 1338 1335 1343 1356 1368 1377 1381 1376 1367 1348 1336 1341 1358 1377 1394 1407 1415 1418 1418 1417 1422 1431 1439 1446 1450 1449 1441 1438 1441 1446 1452 1461 1470 1477 1482 1483 1485 1494 1516 1542 1572 1601 1623 1644 1663 1682 1698 1711 1714 1711 1707 1704 1700 1691 1690 1692 1696 1702 1703 1700 1693 1680 1659 1640 1666 1689 1711 1730 1749 1770 1789 1806 1824 1845 1866 1890 1913 1936
1389 1395 1393 1389 1386 1378 1370 1367 1364 1351 1334 1333 1345 1357 1368 1377 1378 1371 1362 1349 1334 1340 1359 1378 1393 1398 1401 1404 1403 1404 1414 1421 1426 1433 1437 1432 1424 1425 1433 1438 1445 1452 1460 1465 1468 1472 1478 1497 1523 1551 1580 1606 1627 1647 1665 1684 1699 1710 1710 1705 1702 1698 1692 1680 1679 1680 1682 1685 1684 1684 1676 1664 1640 1640 1666 1689 1709 1728 1747 1768 1788 1806 1828 1849 1870 1893 1917 1940
1384 1385 1383 1380 1378 1372 1363 1359 1357 1351 1335 1331 1343 1355 1365 1373 1373 1366 1355 1343 1332 1340 1360 1373 1378 1379 1382 1384 1386 1391 1396 1400 1406 1414 1418 1412 1408 1418 1425 1431 1438 1444 1450 1453 1459 1464 1480 1503 1530 1559 1584 1608 1628 1647 1665 1683 1697 1705 1703 1698 1694 1691 1684 1671 1667 1666 1665 1667 1668 1665 1659 1647 1624 1639 1665 1687 1706 1727 1747 1766 1787 1808 1828 1848 1873 1896 1921 1947
1368 1371 1374 1370 1368 1366 1362 1355 1349 1347 1335 1329 1337 1350 1362 1368 1366 1358 1348 1337 1329 1341 1351 1357 1357 1359 1361 1362 1364 1370 1373 1378 1384 1390 1393 1396 1402 1410 1418 1424 1430 1435 1441 1448 1455 1470 1490 1510 1535 1563 1587 1608 1627 1646 1664 1681 1693 1699 1695 1689 1686 1682 1674 1661 1652 1651 1649 1650 1649 1645 1639 1629 1614 1639 1665 1688 1709 1730 1750 1770 1789 1808 1829 1851 1876 1901 1926 1951
1375 1362 1356 1357 1359 1360 1358 1353 1345 1338 1335 1328 1329 1345 1357 1362 1357 1348 1336 1325 1327 1330 1336 1339 1342 1348 1353 1363 1370 1375 1381 1387 1390 1397 1398 1397 1400 1406 1412 1418 1424 1432 1439 1447 1463 1480 1501 1518 1541 1566 1589 1608 1626 1645 1663 1677 1689 1692 1685 1678 1675 1671 1665 1653 1637 1635 1633 1631 1629 1625 1619 1610 1611 1643 1671 1693 1716 1735 1755 1775 1795 1812 1832 1854 1879 1903 1927 1952
1376 1372 1364 1357 1344 1352 1352 1347 1341 1333 1331 1328 1326 1340 1352 1353 1345 1333 1323 1325 1345 1350 1346 1344 1354 1367 1377 1385 1392 1397 1404 1411 1417 1421 1415 1403 1405 1408 1413 1420 1426 1436 1448 1454 1467 1486 1507 1527 1548 1569 1589 1608 1626 1643 1659 1675 1684 1683 1675 1667 1664 1658 1653 1643 1627 1614 1614 1613 1610 1607 1601 1592 1617 1649 1676 1699 1722 1742 1761 1780 1798 1815 1834 1855 1879 1903 1928 1951
1366 1365 1361 1356 1349 1339 1345 1343 1338 1329 1326 1323 1326 1338 1347 1343 1333 1321 1320 1336 1357 1369 1370 1361 1358 1374 1389 1400 1406 1411 1418 1427 1434 1435 1423 1412 1415 1423 1426 1433 1435 1450 1463 1473 1467 1484 1502 1523 1549 1569 1588 1607 1623 1641 1656 1670 1676 1674 1665 1656 1652 1647 1641 1630 1616 1602 1596 1596 1592 1587 1578 1597 1627 1657 1682 1703 1725 1746 1765 1784 1801 1817 1836 1857 1878 1900 1924 1947
1370 1357 1352 1350 1345 1334 1341 1340 1337 1331 1324 1321 1329 1336 1339 1334 1322 1318 1322 1346 1366 1382 1386 1372 1361 1375 1390 1401 1409 1414 1421 1428 1433 1435 1425 1415 1419 1428 1437 1444 1449 1459 1468 1478 1482 1489 1509 1528 1548 1568 1587 1604 1621 1637 1651 1663 1666 1663 1655 1645 1639 1633 1626 1616 1604 1591 1579 1578 1573 1565 1585 1613 1640 1666 1687 1708 1727 1747 1766 1784 1801 1817 1836 1856 1877 1896 1918 1940
1365 1356 1348 1338 1337 1333 1335 1337 1335 1331 1321 1320 1329 1331 1332 1326 1316 1316 1333 1354 1375 1391 1398 1386 1373 1374 1386 1396 1403 1409 1415 1422 1427 1430 1426 1420 1424 1431 1437 1443 1449 1457 1465 1475 1487 1500 1512 1528 1546 1565 1583 1601 1617 1631 1643 1652 1654 1651 1643 1633 1624 1617 1611 1601 1589 1578 1567 1559 1554 1574 1602 1629 1653 1673 1693 1712 1731 1749 1766 1783 1799 1814 1834 1853 1873 1891 1911 1929
1356 1344 1338 1332 1330 1325 1331 1334 1333 1330 1319 1320 1328 1327 1325 1318 1314 1317 1338 1358 1380 1398 1406 1395 1382 1374 1382 1390 1396 1401 1408 1414 1420 1425 1425 1425 1428 1432 1437 1441 1447 1454 1462 1471 1483 1495 1508 1525 1542 1561 1580 1596 1610 1624 1634 1641 1642 1639 1631 1619 1609 1600 1594 1585 1574 1562 1551 1544 1565 1592 1618 1640 1660 1679 1698 1716 1733 1750 1766 1782 1796 1809 1828 1848 1865 1882 1900 1920
1370 1349 1339 1329 1325 1319 1324 1330 1332 1328 1317 1317 1326 1323 1320 1313 1312 1319 1341 1362 1381 1397 1406 1399 1385 1377 1379 1384 1389 1394 1400 1407 1414 1421 1425 1428 1430 1431 1434 1438 1443 1450 1458 1467 1478 1490 1503 1520 1538 1556 1574 1589 1601 1612 1622 1628 1628 1625 1617 1604 1592 1583 1578 1568 1557 1545 1535 1553 1581 1605 1627 1648 1666 1684 1702 1718 1734 1750 1763 1775 1784 1797 1813 1834 1852 1871 1890 1910
1368 1349 1337 1331 1324 1316 1319 1327 1331 1327 1316 1313 1322 1321 1316 1311 1310 1322 1342 1362 1378 1391 1399 1398 1386 1381 1381 1384 1388 1393 1399 1406 1414 1421 1427 1431 1432 1430 1430 1434 1438 1446 1454 1462 1472 1485 1497 1514 1532 1549 1565 1579 1591 1601 1610 1614 1614 1610 1601 1587 1576 1568 1562 1551 1539 1529 1539 1567 1591 1612 1632 1651 1669 1686 1702 1717 1730 1742 1755 1756 1763 1776 1794 1815 1837 1859 1881 1901
1370 1354 1346 1337 1325 1314 1316 1324 1328 1324 1315 1310 1319 1318 1313 1309 1309 1323 1341 1357 1371 1382 1391 1396 1389 1383 1384 1387 1391 1396 1402 1408 1416 1423 1428 1430 1428 1424 1424 1428 1434 1441 1448 1457 1465 1476 1489 1505 1523 1539 1553 1565 1577 1588 1595 1598 1598 1594 1584 1570 1561 1550 1542 1531 1520 1527 1553 1577 1597 1616 1635 1652 1669 1684 1697 1709 1718 1727 1726 1729 1740 1758 1776 1798 1825 1850 1873 1891
1382 1367 1353 1341 1329 1315 1311 1319 1323 1320 1311 1308 1317 1315 1310 1307 1307 1321 1337 1349 1361 1373 1384 1392 1393 1386 1385 1388 1391 1397 1403 1413 1420 1423 1425 1425 1422 1416 1418 1423 1429 1436 1443 1450 1457 1467 1480 1496 1514 1529 1540 1551 1561 1571 1577 1580 1581 1578 1569 1554 1544 1534 1523 1512 1512 1539 1563 1582 1601 1620 1637 1654 1669 1678 1684 1691 1696 1703 1701 1705 1723 1741 1764 1789 1815 1839 1860 1875
1403 1374 1355 1344 1333 1320 1307 1312 1317 1315 1306 1308 1316 1313 1307 1305 1305 1319 1331 1343 1355 1367 1378 1388 1396 1397 1390 1389 1393 1401 1408 1414 1416 1419 1420 1419 1415 1408 1411 1417 1424 1431 1437 1442 1448 1458 1470 1487 1502 1515 1527 1536 1545 1553 1559 1563 1562 1560 1554 1539 1526 1517 1507 1502 1521 1547 1567 1585 1603 1620 1637 1654 1664 1663 1665 1666 1669 1673 1676 1685 1709 1733 1756 1780 1803 1826 1844 1857
1376 1364 1354 1343 1334 1323 1309 1305 1311 1309 1303 1311 1314 1309 1305 1304 1306 1316 1329 1341 1353 1365 1375 1386 1398 1401 1394 1390 1393 1400 1406 1409 1411 1412 1412 1411 1409 1402 1406 1412 1419 1426 1431 1432 1439 1448 1462 1477 1489 1500 1509 1518 1524 1533 1541 1544 1545 1543 1538 1523 1509 1498 1495 1505 1532 1552 1569 1585 1601 1618 1632 1642 1643 1643 1643 1637 1641 1646 1652 1677 1701 1726 1748 1771 1792 1810 1826 1837
1356 1353 1347 1339 1331 1322 1315 1303 1302 1301 1303 1314 1312 1306 1302 1301 1304 1316 1329 1342 1353 1362 1367 1367 1381 1395 1389 1386 1391 1396 1401 1404 1403 1401 1401 1400 1399 1395 1400 1407 1413 1419 1417 1417 1427 1439 1452 1466 1475 1481 1486 1491 1498 1511 1521 1525 1526 1527 1521 1504 1489 1484 1494 1519 1539 1555 1569 1583 1596 1607 1617 1622 1622 1618 1616 1612 1618 1623 1641 1670 1695 1717 1739 1759 1777 1793 1806 1815
1338 1338 1336 1331 1324 1317 1312 1308 1299 1298 1306 1313 1310 1303 1300 1300 1303 1315 1328 1341 1352 1352 1346 1352 1371 1387 1385 1380 1384 1389 1393 1396 1396 1392 1388 1387 1385 1389 1397 1402 1405 1407 1404 1407 1415 1428 1440 1448 1451 1457 1461 1464 1473 1486 1498 1504 1506 1509 1502 1483 1473 1486 1509 1527 1541 1553 1566 1577 1585 1593 1599 1602 1598 1592 1590 1590 1595 1605 1632 1661 1687 1708 1727 1745 1761 1775 1785 1794
1333 1324 1323 1320 1317 1311 1306 1305 1297 1297 1307 1311 1309 1301 1298 1298 1301 1312 1324 1336 1338 1332 1334 1346 1365 1384 1384 1373 1375 1379 1383 1386 1386 1382 1374 1373 1378 1388 1391 1393 1387 1386 1389 1393 1400 1411 1419 1422 1428 1432 1434 1435 1446 1460 1472 1483 1489 1491 1486 1466 1479 1499 1515 1528 1538 1549 1558 1566 1571 1578 1581 1583 1574 1569 1567 1569 1573 1601 1627 1651 1676 1697 1715 1731 1745 1756 1766 1773
1344 1330 1317 1309 1310 1307 1301 1299 1294 1295 1307 1310 1307 1300 1296 1297 1299 1308 1318 1328 1323 1322 1332 1349 1367 1382 1383 1371 1366 1368 1370 1375 1374 1369 1363 1368 1380 1384 1375 1374 1371 1373 1376 1379 1383 1388 1394 1397 1400 1404 1408 1414 1420 1431 1445 1460 1474 1478 1466 1465 1486 1502 1516 1525 1532 1541 1546 1552 1556 1560 1563 1562 1553 1546 1546 1548 1573 1597 1620 1642 1664 1683 1700 1714 1728 1738 1745 1753
1345 1333 1321 1311 1301 1300 1296 1293 1293 1301 1308 1308 1304 1298 1294 1296 1298 1303 1313 1316 1315 1318 1330 1348 1364 1371 1373 1372 1357 1352 1354 1361 1355 1352 1354 1365 1372 1366 1363 1362 1367 1370 1375 1383 1390 1396 1399 1404 1411 1417 1420 1423 1422 1421 1424 1436 1450 1459 1451 1474 1490 1501 1511 1516 1521 1527 1532 1534 1539 1543 1543 1542 1531 1528 1527 1548 1569 1590 1610 1630 1648 1666 1682 1697 1707 1715 1723 1731
1341 1329 1317 1308 1300 1293 1291 1290 1295 1304 1308 1306 1301 1296 1293 1294 1295 1300 1304 1306 1310 1320 1335 1350 1356 1357 1360 1362 1356 1336 1336 1342 1343 1344 1348 1352 1354 1355 1358 1360 1363 1372 1384 1396 1407 1417 1425 1431 1438 1443 1445 1445 1443 1439 1435 1433 1437 1442 1457 1477 1490 1498 1503 1507 1509 1513 1515 1517 1520 1524 1527 1524 1514 1511 1520 1539 1560 1579 1597 1614 1632 1648 1663 1676 1685 1691 1699 1708
1332 1320 1310 1301 1296 1291 1287 1289 1299 1305 1306 1302 1298 1294 1292 1292 1293 1296 1298 1304 1315 1325 1334 1341 1344 1343 1353 1349 1336 1327 1327 1331 1335 1338 1342 1346 1350 1355 1360 1365 1370 1381 1392 1404 1417 1431 1446 1458 1465 1468 1469 1469 1467 1464 1459 1455 1454 1460 1477 1484 1489 1494 1495 1494 1494 1496 1497 1500 1502 1504 1508 1509 1498 1496 1511 1529 1548 1565 1582 1599 1616 1632 1645 1655 1663 1668 1675 1685
1321 1309 1301 1294 1290 1285 1285 1293 1303 1307 1304 1299 1296 1293 1290 1290 1291 1293 1296 1303 1311 1316 1323 1329 1330 1344 1355 1350 1328 1323 1326 1331 1336 1339 1344 1348 1353 1357 1363 1369 1376 1385 1398 1410 1424 1440 1458 1476 1488 1489 1492 1492 1490 1486 1483 1481 1480 1485 1493 1489 1489 1488 1487 1482 1481 1479 1478 1481 1483 1487 1490 1493 1484 1486 1501 1517 1533 1550 1566 1583 1599 1613 1625 1634 1639 1642 1648 1661
1306 1298 1293 1290 1285 1283 1285 1296 1304 1307 1302 1299 1296 1292 1289 1288 1289 1291 1293 1297 1303 1306 1311 1318 1332 1345 1356 1346 1320 1324 1326 1330 1335 1340 1345 1348 1352 1359 1365 1372 1383 1391 1400 1414 1428 1444 1466 1486 1500 1507 1511 1513 1512 1509 1505 1502 1501 1499 1494 1488 1486 1484 1480 1474 1468 1464 1463 1464 1465 1470 1475 1477 1472 1475 1489 1503 1518 1533 1550 1567 1582 1594 1605 1611 1614 1615 1625 1638
1292 1288 1285 1284 1281 1280 1289 1298 1305 1305 1301 1298 1296 1292 1289 1286 1287 1288 1292 1296 1300 1307 1313 1325 1336 1348 1355 1339 1316 1321 1324 1331 1335 1339 1344 1348 1354 1360 1366 1374 1381 1390 1402 1416 1431 1447 1469 1489 1503 1515 1526 1532 1529 1522 1517 1512 1506 1499 1491 1482 1481 1479 1472 1463 1458 1453 1451 1450 1450 1454 1458 1461 1458 1465 1477 1490 1505 1519 1534 1549 1563 1573 1582 1587 1589 1589 1603 1618
1297 1287 1284 1281 1279 1282 1292 1300 1304 1303 1299 1297 1294 1291 1287 1285 1285 1287 1291 1297 1303 1311 1320 1333 1343 1351 1347 1328 1314 1319 1324 1329 1334 1339 1344 1349 1355 1361 1367 1374 1381 1390 1401 1415 1432 1449 1468 1486 1502 1516 1529 1534 1532 1524 1515 1509 1502 1494 1484 1474 1472 1472 1467 1459 1448 1444 1440 1439 1437 1441 1444 1446 1448 1454 1465 1477 1491 1505 1518 1530 1541 1552 1559 1564 1563 1567 1583 1597
1298 1291 1288 1279 1278 1284 1292 1299 1302 1301 1298 1296 1293 1290 1286 1284 1283 1285 1290 1301 1312 1318 1327 1339 1348 1347 1329 1314 1313 1317 1323 1327 1333 1340 1344 1350 1355 1361 1366 1372 1378 1387 1398 1415 1430 1447 1466 1482 1497 1512 1523 1527 1526 1519 1511 1504 1495 1485 1475 1464 1462 1462 1459 1452 1442 1432 1429 1427 1426 1428 1431 1435 1439 1444 1454 1465 1477 1490 1502 1511 1522 1530 1538 1542 1540 1551 1566 1574
1303 1298 1289 1277 1276 1283 1291 1297 1300 1299 1298 1295 1291 1288 1285 1283 1280 1282 1287 1299 1313 1325 1337 1349 1359 1355 1327 1308 1311 1316 1321 1324 1331 1337 1344 1350 1355 1359 1362 1366 1374 1383 1397 1410 1426 1444 1462 1478 1490 1504 1514 1518 1516 1512 1504 1496 1486 1476 1466 1455 1450 1449 1448 1444 1435 1422 1417 1414 1415 1418 1422 1426 1429 1433 1441 1452 1464 1475 1485 1492 1500 1508 1516 1520 1521 1535 1544 1564
1309 1301 1293 1277 1275 1280 1287 1294 1296 1298 1297 1294 1290 1287 1284 1282 1280 1279 1284 1297 1311 1324 1335 1346 1358 1362 1329 1303 1308 1315 1320 1324 1331 1335 1342 1349 1354 1358 1361 1364 1370 1378 1390 1406 1421 1438 1455 1469 1482 1495 1504 1508 1508 1503 1496 1487 1478 1467 1457 1446 1437 1436 1434 1432 1425 1415 1407 1404 1406 1408 1413 1418 1420 1422 1430 1439 1450 1460 1467 1473 1481 1488 1495 1500 1506 1515 1534 1544
1310 1302 1294 1277 1273 1277 1284 1291 1295 1296 1296 1293 1289 1286 1283 1281 1279 1277 1280 1293 1306 1317 1328 1340 1352 1358 1330 1302 1306 1311 1318 1324 1329 1335 1340 1347 1352 1355 1359 1364 1371 1379 1388 1399 1412 1429 1446 1461 1473 1485 1494 1498 1497 1493 1486 1478 1469 1460 1449 1436 1423 1422 1421 1418 1412 1403 1394 1395 1396 1401 1407 1410 1411 1412 1419 1426 1436 1444 1450 1454 1462 1471 1478 1482 1489 1504 1517 1533
1308 1301 1293 1277 1272 1274 1282 1288 1293 1295 1295 1293 1289 1285 1282 1280 1277 1276 1276 1290 1302 1311 1319 1330 1339 1343 1323 1298 1304 1309 1316 1321 1327 1334 1338 1344 1348 1352 1357 1365 1373 1384 1394 1405 1417 1430 1442 1454 1467 1478 1487 1489 1487 1481 1475 1466 1458 1451 1438 1425 1408 1407 1407 1402 1397 1390 1384 1386 1393 1395 1399 1402 1403 1402 1407 1415 1422 1429 1434 1440 1447 1455 1463 1468 1478 1490 1505 1524
1305 1299 1293 1283 1271 1271 1280 1287 1291 1293 1294 1293 1289 1284 1281 1278 1276 1275 1274 1290 1300 1303 1308 1315 1324 1325 1307 1295 1301 1308 1313 1318 1324 1329 1334 1340 1344 1350 1356 1365 1375 1388 1401 1414 1424 1438 1448 1458 1467 1476 1481 1480 1477 1468 1460 1455 1448 1440 1431 1416 1402 1391 1388 1384 1381 1377 1376 1380 1385 1389 1393 1395 1395 1394 1389 1393 1402 1414 1420 1427 1434 1443 1448 1457 1467 1483 1498 1515
1302 1297 1291 1285 1273 1269 1277 1284 1289 1292 1294 1293 1289 1283 1279 1277 1275 1273 1273 1284 1292 1298 1304 1312 1317 1305 1296 1293 1298 1305 1311 1315 1320 1325 1330 1334 1341 1349 1358 1367 1378 1392 1407 1422 1436 1448 1456 1464 1470 1474 1475 1472 1465 1452 1447 1444 1440 1434 1423 1411 1399 1388 1372 1369 1368 1368 1370 1375 1378 1383 1386 1389 1388 1379 1372 1371 1376 1390 1401 1415 1425 1431 1440 1451 1460 1475 1487 1502
