src/images/ros.asc
ncols        200
nrows        200
xllcorner    585206.524794285768
yllcorner    4554928.512238806114
dx           399.059533645238
dy           401.388289791044
[rows 126 to 143 of 200, columns 120 to 159 of 200]
0.42352941632270812988 0.039215687662363052368 0.039215687662363052368 0.41960784792900085449 0.20784313976764678955 0.23921568691730499268 0.39215686917304992676 0.25882354378700256348 0.33725491166114807129 0.16862745583057403564 0.16470588743686676025 0.16470588743686676025 0.32941177487373352051 0.074509806931018829346 0.015686275437474250793 0.0039215688593685626984 0 0.011764706112444400787 0.0039215688593685626984 0.031372550874948501587 0.031372550874948501587 0.023529412224888801575 0.0039215688593685626984 0.015686275437474250793 0.011764706112444400787 0.015686275437474250793 0.0039215688593685626984 0.015686275437474250793 0.0039215688593685626984 0.0039215688593685626984 0 0 0.023529412224888801575 0.019607843831181526184 0.019607843831181526184 0.027450980618596076965 0.043137256056070327759 0.054901961237192153931 0.054901961237192153931 0.054901961237192153931
0.42352941632270812988 0.039215687662363052368 0.039215687662363052368 0.41960784792900085449 0.20784313976764678955 0.23921568691730499268 0.39215686917304992676 0.25882354378700256348 0.33725491166114807129 0.16862745583057403564 0.16470588743686676025 0.16470588743686676025 0.32941177487373352051 0.074509806931018829346 0.015686275437474250793 0.0039215688593685626984 0 0.011764706112444400787 0.0039215688593685626984 0.031372550874948501587 0.031372550874948501587 0.023529412224888801575 0.0039215688593685626984 0.015686275437474250793 0.011764706112444400787 0.015686275437474250793 0.0039215688593685626984 0.015686275437474250793 0.0039215688593685626984 0.0039215688593685626984 0 0 0.023529412224888801575 0.019607843831181526184 0.019607843831181526184 0.027450980618596076965 0.043137256056070327759 0.054901961237192153931 0.054901961237192153931 0.054901961237192153931
0.21568627655506134033 0.066666670143604278564 0.066666670143604278564 0.27450981736183166504 0.19215686619281768799 0.23921568691730499268 0.066666670143604278564 0.047058824449777603149 0.0078431377187371253967 0.52156865596771240234 0.23921568691730499268 0.23921568691730499268 0.15686275064945220947 0.10196078568696975708 0.054901961237192153931 0.13725490868091583252 0.054901961237192153931 0.058823529630899429321 0.011764706112444400787 0.015686275437474250793 0.015686275437474250793 0.015686275437474250793 0.039215687662363052368 0.0078431377187371253967 0.0039215688593685626984 0.0039215688593685626984 0.039215687662363052368 0.082352943718433380127 0.035294119268655776978 0.035294119268655776978 0.0039215688593685626984 0 0.031372550874948501587 0.011764706112444400787 0.019607843831181526184 0.11372549086809158325 0.035294119268655776978 0.047058824449777603149 0.047058824449777603149 0.027450980618596076965
0.21568627655506134033 0.21568627655506134033 0.066666670143604278564 0.27450981736183166504 0.19215686619281768799 0.15686275064945220947 0.48235294222831726074 0.36862745881080627441 0.24313725531101226807 0.19215686619281768799 0.19215686619281768799 0.23921568691730499268 0.19607843458652496338 0.10980392247438430786 0.098039217293262481689 0.011764706112444400787 0.21960784494876861572 0.0078431377187371253967 0.12549020349979400635 0.015686275437474250793 0.015686275437474250793 0.05098039284348487854 0.10588235408067703247 0 0.0078431377187371253967 0 0.031372550874948501587 0.074509806931018829346 0.05098039284348487854 0.05098039284348487854 0.015686275437474250793 0.027450980618596076965 0.0039215688593685626984 0.043137256056070327759 0.058823529630899429321 0.0039215688593685626984 0.011764706112444400787 0.019607843831181526184 0.019607843831181526184 0.019607843831181526184
0.21568627655506134033 0.21568627655506134033 0.066666670143604278564 0.27450981736183166504 0.19215686619281768799 0.15686275064945220947 0.48235294222831726074 0.36862745881080627441 0.24313725531101226807 0.19215686619281768799 0.19215686619281768799 0.23921568691730499268 0.19607843458652496338 0.10980392247438430786 0.098039217293262481689 0.011764706112444400787 0.21960784494876861572 0.0078431377187371253967 0.12549020349979400635 0.015686275437474250793 0.015686275437474250793 0.05098039284348487854 0.10588235408067703247 0 0.0078431377187371253967 0 0.031372550874948501587 0.074509806931018829346 0.05098039284348487854 0.05098039284348487854 0.015686275437474250793 0.027450980618596076965 0.0039215688593685626984 0.043137256056070327759 0.058823529630899429321 0.0039215688593685626984 0.011764706112444400787 0.019607843831181526184 0.019607843831181526184 0.019607843831181526184
0.40000000596046447754 0.40000000596046447754 0.23921568691730499268 0.35294118523597717285 0.25882354378700256348 0.15686275064945220947 0.48235294222831726074 0.36862745881080627441 0.24313725531101226807 0.19215686619281768799 0.19215686619281768799 0.23137255012989044189 0.098039217293262481689 0.082352943718433380127 0.12549020349979400635 0.011764706112444400787 0.031372550874948501587 0.027450980618596076965 0.0039215688593685626984 0.0039215688593685626984 0.0078431377187371253967 0.17647059261798858643 0.019607843831181526184 0.019607843831181526184 0.015686275437474250793 0.031372550874948501587 0.011764706112444400787 0.015686275437474250793 0.015686275437474250793 0.0078431377187371253967 0.015686275437474250793 0 0.0078431377187371253967 0.027450980618596076965 0.0078431377187371253967 0.0078431377187371253967 0.027450980618596076965 0.027450980618596076965 0.074509806931018829346 0.031372550874948501587
0.023529412224888801575 0.023529412224888801575 0.090196080505847930908 0.082352943718433380127 0.082352943718433380127 0.21568627655506134033 0.34117648005485534668 0.31764706969261169434 0.35686275362968444824 0.1882352977991104126 0.1882352977991104126 0.23137255012989044189 0.098039217293262481689 0.082352943718433380127 0.12549020349979400635 0.011764706112444400787 0.031372550874948501587 0.10588235408067703247 0.054901961237192153931 0.054901961237192153931 0.082352943718433380127 0.043137256056070327759 0.035294119268655776978 0.015686275437474250793 0.0078431377187371253967 0.054901961237192153931 0.015686275437474250793 0.019607843831181526184 0.019607843831181526184 0.0039215688593685626984 0.039215687662363052368 0.0078431377187371253967 0.015686275437474250793 0.015686275437474250793 0.043137256056070327759 0.054901961237192153931 0.082352943718433380127 0.082352943718433380127 0.019607843831181526184 0.011764706112444400787
0.10196078568696975708 0.10196078568696975708 0.094117648899555206299 0.52156865596771240234 0.47058823704719543457 0.18039216101169586182 0.19607843458652496338 0.43529412150382995605 0.15294118225574493408 0.015686275437474250793 0.015686275437474250793 0.12549020349979400635 0.031372550874948501587 0.21568627655506134033 0.27450981736183166504 0.2274509817361831665 0.17254902422428131104 0.10588235408067703247 0.054901961237192153931 0.054901961237192153931 0.082352943718433380127 0.043137256056070327759 0.035294119268655776978 0.058823529630899429321 0.015686275437474250793 0.011764706112444400787 0.0039215688593685626984 0.023529412224888801575 0.023529412224888801575 0.019607843831181526184 0.031372550874948501587 0 0.047058824449777603149 0.011764706112444400787 0.0078431377187371253967 0.027450980618596076965 0.027450980618596076965 0.027450980618596076965 0.035294119268655776978 0.015686275437474250793
0.10196078568696975708 0.10196078568696975708 0.094117648899555206299 0.52156865596771240234 0.47058823704719543457 0.18039216101169586182 0.19607843458652496338 0.43529412150382995605 0.15294118225574493408 0.015686275437474250793 0.015686275437474250793 0.12549020349979400635 0.031372550874948501587 0.21568627655506134033 0.27450981736183166504 0.2274509817361831665 0.17254902422428131104 0.10588235408067703247 0.054901961237192153931 0.054901961237192153931 0.082352943718433380127 0.043137256056070327759 0.035294119268655776978 0.058823529630899429321 0.015686275437474250793 0.011764706112444400787 0.0039215688593685626984 0.023529412224888801575 0.023529412224888801575 0.019607843831181526184 0.031372550874948501587 0 0.047058824449777603149 0.011764706112444400787 0.0078431377187371253967 0.027450980618596076965 0.027450980618596076965 0.027450980618596076965 0.035294119268655776978 0.015686275437474250793
0.4588235318660736084 0.4588235318660736084 0.098039217293262481689 0.3333333432674407959 0.074509806931018829346 0.28627452254295349121 0.1450980454683303833 0.12941177189350128174 0.098039217293262481689 0.27058824896812438965 0.27058824896812438965 0.36078432202339172363 0.13333334028720855713 0.38823530077934265137 0.039215687662363052368 0.058823529630899429321 0 0.14901961386203765869 0.13333334028720855713 0.13333334028720855713 0.011764706112444400787 0.05098039284348487854 0.015686275437474250793 0.058823529630899429321 0.015686275437474250793 0.011764706112444400787 0.0039215688593685626984 0.023529412224888801575 0.023529412224888801575 0.011764706112444400787 0.015686275437474250793 0.047058824449777603149 0.0039215688593685626984 0.031372550874948501587 0.019607843831181526184 0.027450980618596076965 0.0078431377187371253967 0.0078431377187371253967 0.0078431377187371253967 0.023529412224888801575
0.13725490868091583252 0.34117648005485534668 0.32941177487373352051 0.019607843831181526184 0.2274509817361831665 0.24705882370471954346 0.027450980618596076965 0.090196080505847930908 0.27450981736183166504 0.27450981736183166504 0.33725491166114807129 0.16078431904315948486 0.16470588743686676025 0.12941177189350128174 0.25490197539329528809 0.19607843458652496338 0.086274512112140655518 0.031372550874948501587 0.031372550874948501587 0.011764706112444400787 0.023529412224888801575 0.054901961237192153931 0.035294119268655776978 0.10196078568696975708 0.078431375324726104736 0.14901961386203765869 0.039215687662363052368 0.011764706112444400787 0.011764706112444400787 0.011764706112444400787 0.015686275437474250793 0.047058824449777603149 0.0039215688593685626984 0.031372550874948501587 0.0078431377187371253967 0.098039217293262481689 0.054901961237192153931 0.054901961237192153931 0.0039215688593685626984 0.015686275437474250793
0.36078432202339172363 0.42745098471641540527 0.21960784494876861572 0.24705882370471954346 0.39607843756675720215 0.29411765933036804199 0.24705882370471954346 0.031372550874948501587 0.19215686619281768799 0.19215686619281768799 0.25882354378700256348 0.031372550874948501587 0.29803922772407531738 0.019607843831181526184 0.23529411852359771729 0.20392157137393951416 0.17254902422428131104 0.16078431904315948486 0.16078431904315948486 0.086274512112140655518 0.019607843831181526184 0.0039215688593685626984 0.019607843831181526184 0.10980392247438430786 0.011764706112444400787 0.10196078568696975708 0.082352943718433380127 0.082352943718433380127 0.043137256056070327759 0.015686275437474250793 0.011764706112444400787 0.027450980618596076965 0.011764706112444400787 0.0078431377187371253967 0.0078431377187371253967 0.098039217293262481689 0.098039217293262481689 0.054901961237192153931 0.0039215688593685626984 0.015686275437474250793
0.36078432202339172363 0.42745098471641540527 0.21960784494876861572 0.24705882370471954346 0.39607843756675720215 0.29411765933036804199 0.24705882370471954346 0.031372550874948501587 0.19215686619281768799 0.19215686619281768799 0.25882354378700256348 0.031372550874948501587 0.29803922772407531738 0.019607843831181526184 0.23529411852359771729 0.20392157137393951416 0.17254902422428131104 0.16078431904315948486 0.16078431904315948486 0.086274512112140655518 0.019607843831181526184 0.0039215688593685626984 0.019607843831181526184 0.10980392247438430786 0.011764706112444400787 0.10196078568696975708 0.082352943718433380127 0.082352943718433380127 0.043137256056070327759 0.015686275437474250793 0.011764706112444400787 0.027450980618596076965 0.011764706112444400787 0.0078431377187371253967 0.0078431377187371253967 0.098039217293262481689 0.098039217293262481689 0.054901961237192153931 0.0039215688593685626984 0.015686275437474250793
0.40784314274787902832 0.36862745881080627441 0.45490196347236633301 0.24705882370471954346 0.4980392158031463623 0.76078432798385620117 0.18431372940540313721 0.28235295414924621582 0.3764705955982208252 0.3764705955982208252 0.18039216101169586182 0.054901961237192153931 0.17647059261798858643 0.05098039284348487854 0.019607843831181526184 0.12941177189350128174 0.12941177189350128174 0.062745101749897003174 0.062745101749897003174 0.058823529630899429321 0.011764706112444400787 0.058823529630899429321 0 0.0078431377187371253967 0.023529412224888801575 0.082352943718433380127 0.090196080505847930908 0.090196080505847930908 0.05098039284348487854 0.035294119268655776978 0.0039215688593685626984 0.0078431377187371253967 0 0.0039215688593685626984 0.019607843831181526184 0.086274512112140655518 0.086274512112140655518 0 0.043137256056070327759 0.0039215688593685626984
0.25882354378700256348 0.1882352977991104126 0.20784313976764678955 0.43921568989753723145 0.2901960909366607666 0.23921568691730499268 0.32549020648002624512 0.039215687662363052368 0.21568627655506134033 0.21568627655506134033 0.29803922772407531738 0.13725490868091583252 0.1882352977991104126 0.22352941334247589111 0.19607843458652496338 0.031372550874948501587 0.039215687662363052368 0.086274512112140655518 0.086274512112140655518 0.098039217293262481689 0.023529412224888801575 0.0078431377187371253967 0.019607843831181526184 0.011764706112444400787 0 0.023529412224888801575 0.0078431377187371253967 0.0078431377187371253967 0.011764706112444400787 0.015686275437474250793 0.031372550874948501587 0.019607843831181526184 0 0.035294119268655776978 0.031372550874948501587 0.0039215688593685626984 0.0039215688593685626984 0.015686275437474250793 0.027450980618596076965 0.0039215688593685626984
0.25882354378700256348 0.1882352977991104126 0.20784313976764678955 0.43921568989753723145 0.2901960909366607666 0.23921568691730499268 0.32549020648002624512 0.039215687662363052368 0.21568627655506134033 0.21568627655506134033 0.29803922772407531738 0.13725490868091583252 0.1882352977991104126 0.22352941334247589111 0.19607843458652496338 0.031372550874948501587 0.039215687662363052368 0.086274512112140655518 0.086274512112140655518 0.098039217293262481689 0.023529412224888801575 0.0078431377187371253967 0.019607843831181526184 0.011764706112444400787 0 0.023529412224888801575 0.0078431377187371253967 0.0078431377187371253967 0.011764706112444400787 0.015686275437474250793 0.031372550874948501587 0.019607843831181526184 0 0.035294119268655776978 0.031372550874948501587 0.0039215688593685626984 0.0039215688593685626984 0.015686275437474250793 0.027450980618596076965 0.0039215688593685626984
0 0 0.38039216399192810059 0.066666670143604278564 0.13725490868091583252 0.19215686619281768799 0.58823531866073608398 0.30196079611778259277 0.49411764740943908691 0.49411764740943908691 0.019607843831181526184 0.41176471114158630371 0.17254902422428131104 0.19215686619281768799 0.27058824896812438965 0.031372550874948501587 0.082352943718433380127 0.14117647707462310791 0.14117647707462310791 0.035294119268655776978 0.039215687662363052368 0.035294119268655776978 0.047058824449777603149 0.047058824449777603149 0.011764706112444400787 0.027450980618596076965 0.039215687662363052368 0.039215687662363052368 0.023529412224888801575 0.019607843831181526184 0.027450980618596076965 0.05098039284348487854 0.047058824449777603149 0.0039215688593685626984 0.015686275437474250793 0.023529412224888801575 0.023529412224888801575 0.047058824449777603149 0.035294119268655776978 0.023529412224888801575
0.015686275437474250793 0.0039215688593685626984 0.19215686619281768799 0.14901961386203765869 0.56470590829849243164 0.56078433990478515625 0.66274511814117431641 0.71764707565307617188 0.71764707565307617188 0.074509806931018829346 0.64313727617263793945 0.41176471114158630371 0.38039216399192810059 0.51372551918029785156 0.38039216399192810059 0.20000000298023223877 0.40784314274787902832 0.40784314274787902832 0.035294119268655776978 0.047058824449777603149 0.035294119268655776978 0.011764706112444400787 0.015686275437474250793 0.015686275437474250793 0.098039217293262481689 0.086274512112140655518 0.086274512112140655518 0.015686275437474250793 0.019607843831181526184 0.078431375324726104736 0.0039215688593685626984 0.0039215688593685626984 0.015686275437474250793 0.0039215688593685626984 0.035294119268655776978 0.035294119268655776978 0.011764706112444400787 0 0.023529412224888801575 0
