src/images/ros.asc
ncols        200
nrows        200
xllcorner    585206.524794285768
yllcorner    4554928.512238806114
dx           399.059533645238
dy           401.388289791044
[rows 18 to 35 of 200, columns 40 to 79 of 200]
0.011764706112444400787 0.027450980618596076965 0.027450980618596076965 0.015686275437474250793 0.043137256056070327759 0.011764706112444400787 0.090196080505847930908 0.019607843831181526184 0.10196078568696975708 0.13333334028720855713 0.13333334028720855713 0.0078431377187371253967 0.0078431377187371253967 0.047058824449777603149 0.13725490868091583252 0.039215687662363052368 0.062745101749897003174 0.023529412224888801575 0.24705882370471954346 0.23529411852359771729 0.035294119268655776978 0.035294119268655776978 0.011764706112444400787 0.019607843831181526184 0.035294119268655776978 0.047058824449777603149 0.015686275437474250793 0 0.21568627655506134033 0.027450980618596076965 0.011764706112444400787 0.011764706112444400787 0.011764706112444400787 0.031372550874948501587 0.098039217293262481689 0.011764706112444400787 0.0078431377187371253967 0.011764706112444400787 0.015686275437474250793 0.070588238537311553955
0.094117648899555206299 0.027450980618596076965 0.027450980618596076965 0.062745101749897003174 0.0039215688593685626984 0.011764706112444400787 0.16470588743686676025 0.015686275437474250793 0.25490197539329528809 0.011764706112444400787 0.0039215688593685626984 0.062745101749897003174 0.062745101749897003174 0.20000000298023223877 0.015686275437474250793 0.011764706112444400787 0.035294119268655776978 0.023529412224888801575 0 0 0.0078431377187371253967 0.0078431377187371253967 0.019607843831181526184 0.054901961237192153931 0.058823529630899429321 0.043137256056070327759 0.17647059261798858643 0.058823529630899429321 0.058823529630899429321 0.047058824449777603149 0.054901961237192153931 0.054901961237192153931 0.0039215688593685626984 0.019607843831181526184 0.031372550874948501587 0 0.0039215688593685626984 0.011764706112444400787 0.011764706112444400787 0.05098039284348487854
0.094117648899555206299 0.027450980618596076965 0.027450980618596076965 0.062745101749897003174 0.0039215688593685626984 0.011764706112444400787 0.16470588743686676025 0.015686275437474250793 0.25490197539329528809 0.011764706112444400787 0.0039215688593685626984 0.062745101749897003174 0.062745101749897003174 0.20000000298023223877 0.015686275437474250793 0.011764706112444400787 0.035294119268655776978 0.023529412224888801575 0 0 0.0078431377187371253967 0.0078431377187371253967 0.019607843831181526184 0.054901961237192153931 0.058823529630899429321 0.043137256056070327759 0.17647059261798858643 0.058823529630899429321 0.058823529630899429321 0.047058824449777603149 0.054901961237192153931 0.054901961237192153931 0.0039215688593685626984 0.019607843831181526184 0.031372550874948501587 0 0.0039215688593685626984 0.011764706112444400787 0.011764706112444400787 0.05098039284348487854
0.086274512112140655518 0.027450980618596076965 0.027450980618596076965 0.0078431377187371253967 0.086274512112140655518 0.098039217293262481689 0.027450980618596076965 0.082352943718433380127 0.05098039284348487854 0.066666670143604278564 0.10196078568696975708 0.1450980454683303833 0.1450980454683303833 0.031372550874948501587 0.031372550874948501587 0.14117647707462310791 0.16470588743686676025 0.090196080505847930908 0.054901961237192153931 0.031372550874948501587 0.0078431377187371253967 0.0078431377187371253967 0.011764706112444400787 0.039215687662363052368 0.0039215688593685626984 0.078431375324726104736 0.098039217293262481689 0.31372550129890441895 0.011764706112444400787 0.0039215688593685626984 0.011764706112444400787 0.011764706112444400787 0.027450980618596076965 0.043137256056070327759 0.062745101749897003174 0.086274512112140655518 0.15294118225574493408 0.12941177189350128174 0.0078431377187371253967 0.035294119268655776978
0.074509806931018829346 0.090196080505847930908 0.090196080505847930908 0.12156862765550613403 0.023529412224888801575 0.015686275437474250793 0.019607843831181526184 0.0078431377187371253967 0.019607843831181526184 0.10980392247438430786 0.18039216101169586182 0.18039216101169586182 0.1450980454683303833 0.019607843831181526184 0.047058824449777603149 0.011764706112444400787 0.14901961386203765869 0.0078431377187371253967 0.0039215688593685626984 0.054901961237192153931 0.11764705926179885864 0.11764705926179885864 0.011764706112444400787 0.0078431377187371253967 0 0.062745101749897003174 0.2901960909366607666 0.16862745583057403564 0.2274509817361831665 0.062745101749897003174 0.062745101749897003174 0.05098039284348487854 0.25882354378700256348 0.12941177189350128174 0.011764706112444400787 0.023529412224888801575 0.23921568691730499268 0.20000000298023223877 0.094117648899555206299 0.05098039284348487854
0.074509806931018829346 0.090196080505847930908 0.090196080505847930908 0.12156862765550613403 0.023529412224888801575 0.015686275437474250793 0.019607843831181526184 0.0078431377187371253967 0.019607843831181526184 0.10980392247438430786 0.18039216101169586182 0.18039216101169586182 0.1450980454683303833 0.019607843831181526184 0.047058824449777603149 0.011764706112444400787 0.14901961386203765869 0.0078431377187371253967 0.0039215688593685626984 0.054901961237192153931 0.11764705926179885864 0.11764705926179885864 0.011764706112444400787 0.0078431377187371253967 0 0.062745101749897003174 0.2901960909366607666 0.16862745583057403564 0.2274509817361831665 0.062745101749897003174 0.062745101749897003174 0.05098039284348487854 0.25882354378700256348 0.12941177189350128174 0.011764706112444400787 0.023529412224888801575 0.23921568691730499268 0.20000000298023223877 0.094117648899555206299 0.05098039284348487854
0.1450980454683303833 0.19607843458652496338 0.19607843458652496338 0.027450980618596076965 0.054901961237192153931 0.019607843831181526184 0.019607843831181526184 0.070588238537311553955 0.023529412224888801575 0.078431375324726104736 0.43921568989753723145 0.43921568989753723145 0.52549022436141967773 0.031372550874948501587 0.0039215688593685626984 0.16470588743686676025 0.019607843831181526184 0.023529412224888801575 0.035294119268655776978 0.2901960909366607666 0.10588235408067703247 0.10588235408067703247 0.0039215688593685626984 0.062745101749897003174 0 0.23921568691730499268 0.039215687662363052368 0.062745101749897003174 0.015686275437474250793 0.043137256056070327759 0.043137256056070327759 0.27058824896812438965 0.027450980618596076965 0.10588235408067703247 0.082352943718433380127 0.11764705926179885864 0.23529411852359771729 0.031372550874948501587 0.10588235408067703247 0.035294119268655776978
0.1450980454683303833 0.1450980454683303833 0.19607843458652496338 0.027450980618596076965 0.054901961237192153931 0.019607843831181526184 0.019607843831181526184 0.082352943718433380127 0.031372550874948501587 0.019607843831181526184 0.27843138575553894043 0.27843138575553894043 0.12549020349979400635 0.0039215688593685626984 0 0.023529412224888801575 0.058823529630899429321 0.0039215688593685626984 0.1882352977991104126 0.40392157435417175293 0.027450980618596076965 0.027450980618596076965 0.12156862765550613403 0.10196078568696975708 0.027450980618596076965 0.090196080505847930908 0.13725490868091583252 0.11372549086809158325 0.090196080505847930908 0.094117648899555206299 0.094117648899555206299 0.23137255012989044189 0.0078431377187371253967 0.062745101749897003174 0.015686275437474250793 0.031372550874948501587 0.019607843831181526184 0.27450981736183166504 0.023529412224888801575 0.086274512112140655518
0.23137255012989044189 0.23137255012989044189 0.098039217293262481689 0.062745101749897003174 0.058823529630899429321 0.058823529630899429321 0.074509806931018829346 0.082352943718433380127 0.031372550874948501587 0.019607843831181526184 0.27843138575553894043 0.27843138575553894043 0.12549020349979400635 0.0039215688593685626984 0 0 0.094117648899555206299 0.13333334028720855713 0.13333334028720855713 0.082352943718433380127 0.082352943718433380127 0.12156862765550613403 0.082352943718433380127 0.066666670143604278564 0.078431375324726104736 0 0.027450980618596076965 0.027450980618596076965 0.023529412224888801575 0.0039215688593685626984 0.0039215688593685626984 0.22352941334247589111 0.043137256056070327759 0.031372550874948501587 0.054901961237192153931 0.0078431377187371253967 0.074509806931018829346 0.058823529630899429321 0.031372550874948501587 0.031372550874948501587
0.23137255012989044189 0.23137255012989044189 0.098039217293262481689 0.062745101749897003174 0.058823529630899429321 0.058823529630899429321 0.074509806931018829346 0.082352943718433380127 0.031372550874948501587 0.019607843831181526184 0.27843138575553894043 0.27843138575553894043 0.12549020349979400635 0.0039215688593685626984 0 0 0.094117648899555206299 0.13333334028720855713 0.13333334028720855713 0.082352943718433380127 0.082352943718433380127 0.12156862765550613403 0.082352943718433380127 0.066666670143604278564 0.078431375324726104736 0 0.027450980618596076965 0.027450980618596076965 0.023529412224888801575 0.0039215688593685626984 0.0039215688593685626984 0.22352941334247589111 0.043137256056070327759 0.031372550874948501587 0.054901961237192153931 0.0078431377187371253967 0.074509806931018829346 0.058823529630899429321 0.031372550874948501587 0.031372550874948501587
0.19215686619281768799 0.19215686619281768799 0.054901961237192153931 0.21568627655506134033 0.15294118225574493408 0.094117648899555206299 0.11764705926179885864 0.015686275437474250793 0.0039215688593685626984 0.0078431377187371253967 0.023529412224888801575 0.023529412224888801575 0.0078431377187371253967 0.011764706112444400787 0 0 0.094117648899555206299 0.13333334028720855713 0.13333334028720855713 0.082352943718433380127 0.082352943718433380127 0.12156862765550613403 0.082352943718433380127 0.015686275437474250793 0.039215687662363052368 0.094117648899555206299 0.019607843831181526184 0.12156862765550613403 0.066666670143604278564 0.31764706969261169434 0.31764706969261169434 0.015686275437474250793 0.42352941632270812988 0.15294118225574493408 0.43921568989753723145 0.011764706112444400787 0.12156862765550613403 0.074509806931018829346 0.082352943718433380127 0.082352943718433380127
0.0078431377187371253967 0.0078431377187371253967 0.12549020349979400635 0.015686275437474250793 0.21960784494876861572 0.20000000298023223877 0.05098039284348487854 0.14901961386203765869 0 0.011764706112444400787 0.011764706112444400787 0.035294119268655776978 0.011764706112444400787 0.015686275437474250793 0.015686275437474250793 0.027450980618596076965 0.015686275437474250793 0.054901961237192153931 0.10980392247438430786 0.11764705926179885864 0.11764705926179885864 0.14901961386203765869 0.090196080505847930908 0.015686275437474250793 0.039215687662363052368 0.094117648899555206299 0.019607843831181526184 0.12156862765550613403 0.066666670143604278564 0.31764706969261169434 0.31764706969261169434 0.019607843831181526184 0.15294118225574493408 0.16862745583057403564 0.23137255012989044189 0.31764706969261169434 0.066666670143604278564 0.15294118225574493408 0.11372549086809158325 0.11372549086809158325
0.0078431377187371253967 0.0078431377187371253967 0.12549020349979400635 0.015686275437474250793 0.21960784494876861572 0.20000000298023223877 0.05098039284348487854 0.14901961386203765869 0 0.011764706112444400787 0.011764706112444400787 0.035294119268655776978 0.011764706112444400787 0.015686275437474250793 0.015686275437474250793 0.027450980618596076965 0.015686275437474250793 0.054901961237192153931 0.10980392247438430786 0.11764705926179885864 0.11764705926179885864 0.14901961386203765869 0.090196080505847930908 0.015686275437474250793 0.039215687662363052368 0.094117648899555206299 0.019607843831181526184 0.12156862765550613403 0.066666670143604278564 0.31764706969261169434 0.31764706969261169434 0.019607843831181526184 0.15294118225574493408 0.16862745583057403564 0.23137255012989044189 0.31764706969261169434 0.066666670143604278564 0.15294118225574493408 0.11372549086809158325 0.11372549086809158325
0.21176470816135406494 0.21176470816135406494 0.36862745881080627441 0.27450981736183166504 0.12156862765550613403 0.11764705926179885864 0.23137255012989044189 0.26666668057441711426 0.23529411852359771729 0.019607843831181526184 0.019607843831181526184 0.19215686619281768799 0.047058824449777603149 0.0078431377187371253967 0.090196080505847930908 0.023529412224888801575 0.015686275437474250793 0.098039217293262481689 0.015686275437474250793 0.15294118225574493408 0.15294118225574493408 0.12549020349979400635 0.094117648899555206299 0.0078431377187371253967 0.027450980618596076965 0.039215687662363052368 0.12156862765550613403 0.023529412224888801575 0.062745101749897003174 0.062745101749897003174 0.043137256056070327759 0.019607843831181526184 0.15294118225574493408 0.16862745583057403564 0.23137255012989044189 0.31764706969261169434 0.066666670143604278564 0.15294118225574493408 0.11372549086809158325 0.32941177487373352051
0.28627452254295349121 0.28627452254295349121 0.32941177487373352051 0.031372550874948501587 0.22352941334247589111 0.27058824896812438965 0.12156862765550613403 0.27058824896812438965 0.15686275064945220947 0.19215686619281768799 0.19215686619281768799 0.21960784494876861572 0.10196078568696975708 0.011764706112444400787 0.10196078568696975708 0 0.0078431377187371253967 0.035294119268655776978 0.10588235408067703247 0.023529412224888801575 0.023529412224888801575 0.20784313976764678955 0.027450980618596076965 0.031372550874948501587 0.086274512112140655518 0.19607843458652496338 0.13333334028720855713 0.10196078568696975708 0.10980392247438430786 0.10980392247438430786 0.039215687662363052368 0.30980393290519714355 0.031372550874948501587 0.12549020349979400635 0.10980392247438430786 0.12549020349979400635 0.031372550874948501587 0.20392157137393951416 0.32941177487373352051 0.32941177487373352051
0.13725490868091583252 0.090196080505847930908 0.4156862795352935791 0.56862747669219970703 0.7058823704719543457 0.52156865596771240234 0.41960784792900085449 0.14117647707462310791 0.043137256056070327759 0.16470588743686676025 0.16470588743686676025 0.17647059261798858643 0.10980392247438430786 0.2509804069995880127 0.070588238537311553955 0.4588235318660736084 0.031372550874948501587 0.44313725829124450684 0.14901961386203765869 0.14901961386203765869 0.21568627655506134033 0.0078431377187371253967 0.054901961237192153931 0.031372550874948501587 0.047058824449777603149 0.15686275064945220947 0.14117647707462310791 0.078431375324726104736 0.10980392247438430786 0.10980392247438430786 0.0039215688593685626984 0.066666670143604278564 0.15294118225574493408 0.031372550874948501587 0.61568629741668701172 0.098039217293262481689 0.3764705955982208252 0.027450980618596076965 0.027450980618596076965 0.2274509817361831665
0.13725490868091583252 0.090196080505847930908 0.4156862795352935791 0.56862747669219970703 0.7058823704719543457 0.52156865596771240234 0.41960784792900085449 0.14117647707462310791 0.043137256056070327759 0.16470588743686676025 0.16470588743686676025 0.17647059261798858643 0.10980392247438430786 0.2509804069995880127 0.070588238537311553955 0.4588235318660736084 0.031372550874948501587 0.44313725829124450684 0.14901961386203765869 0.14901961386203765869 0.21568627655506134033 0.0078431377187371253967 0.054901961237192153931 0.031372550874948501587 0.047058824449777603149 0.15686275064945220947 0.14117647707462310791 0.078431375324726104736 0.10980392247438430786 0.10980392247438430786 0.0039215688593685626984 0.066666670143604278564 0.15294118225574493408 0.031372550874948501587 0.61568629741668701172 0.098039217293262481689 0.3764705955982208252 0.027450980618596076965 0.027450980618596076965 0.2274509817361831665
0.035294119268655776978 0.019607843831181526184 0.11764705926179885864 0.43137255311012268066 0.078431375324726104736 0.23137255012989044189 0.12156862765550613403 0.19215686619281768799 0.0078431377187371253967 0.5803921818733215332 0.5803921818733215332 0.16470588743686676025 0.027450980618596076965 0.21176470816135406494 0.098039217293262481689 0.011764706112444400787 0.047058824449777603149 0.14901961386203765869 0.29803922772407531738 0.29803922772407531738 0.68627452850341796875 0.26274511218070983887 0.039215687662363052368 0.019607843831181526184 0.11372549086809158325 0.15294118225574493408 0.031372550874948501587 0.062745101749897003174 0.011764706112444400787 0.011764706112444400787 0.015686275437474250793 0.27058824896812438965 0.094117648899555206299 0.12941177189350128174 0.015686275437474250793 0.19215686619281768799 0.074509806931018829346 0.074509806931018829346 0.074509806931018829346 0.058823529630899429321
