src/images/ros.asc
ncols        200
nrows        200
xllcorner    585206.524794285768
yllcorner    4554928.512238806114
dx           399.059533645238
dy           401.388289791044
[rows 144 to 161 of 200, columns 80 to 119 of 200]
0.047058824449777603149 0.058823529630899429321 0.058823529630899429321 0.10196078568696975708 0.1450980454683303833 0.058823529630899429321 0 0.027450980618596076965 0.011764706112444400787 0.17254902422428131104 0.090196080505847930908 0.090196080505847930908 0.054901961237192153931 0.058823529630899429321 0.32156863808631896973 0.043137256056070327759 0.13725490868091583252 0.20392157137393951416 0.10980392247438430786 0.031372550874948501587 0.031372550874948501587 0.031372550874948501587 0.17254902422428131104 0.23137255012989044189 0.32549020648002624512 0.10980392247438430786 0.20000000298023223877 0.2509804069995880127 0.18431372940540313721 0.058823529630899429321 0.058823529630899429321 0.058823529630899429321 0.13725490868091583252 0.30588236451148986816 0.42352941632270812988 0.17254902422428131104 0.16862745583057403564 0.10196078568696975708 0.12156862765550613403 0.12156862765550613403
0.047058824449777603149 0.058823529630899429321 0.058823529630899429321 0.10196078568696975708 0.1450980454683303833 0.058823529630899429321 0 0.027450980618596076965 0.011764706112444400787 0.17254902422428131104 0.090196080505847930908 0.090196080505847930908 0.054901961237192153931 0.058823529630899429321 0.32156863808631896973 0.043137256056070327759 0.13725490868091583252 0.20392157137393951416 0.10980392247438430786 0.031372550874948501587 0.031372550874948501587 0.031372550874948501587 0.17254902422428131104 0.23137255012989044189 0.32549020648002624512 0.10980392247438430786 0.20000000298023223877 0.2509804069995880127 0.18431372940540313721 0.058823529630899429321 0.058823529630899429321 0.058823529630899429321 0.13725490868091583252 0.30588236451148986816 0.42352941632270812988 0.17254902422428131104 0.16862745583057403564 0.10196078568696975708 0.12156862765550613403 0.12156862765550613403
0.15294118225574493408 0.019607843831181526184 0.019607843831181526184 0.20784313976764678955 0.16078431904315948486 0.10980392247438430786 0.12941177189350128174 0.05098039284348487854 0 0 0.28235295414924621582 0.28235295414924621582 0.18039216101169586182 0.023529412224888801575 0.027450980618596076965 0.16862745583057403564 0.031372550874948501587 0.094117648899555206299 0.094117648899555206299 0.098039217293262481689 0.098039217293262481689 0.098039217293262481689 0.27450981736183166504 0.14117647707462310791 0.027450980618596076965 0.15294118225574493408 0.14117647707462310791 0.023529412224888801575 0.10196078568696975708 0.14117647707462310791 0.14117647707462310791 0.098039217293262481689 0.0078431377187371253967 0.23921568691730499268 0.35294118523597717285 0.17254902422428131104 0.16862745583057403564 0.10196078568696975708 0.12156862765550613403 0.12156862765550613403
0 0.094117648899555206299 0.094117648899555206299 0.019607843831181526184 0.035294119268655776978 0.16862745583057403564 0.35686275362968444824 0.090196080505847930908 0.062745101749897003174 0.05098039284348487854 0.047058824449777603149 0.047058824449777603149 0.047058824449777603149 0.039215687662363052368 0.05098039284348487854 0.031372550874948501587 0.043137256056070327759 0.098039217293262481689 0.13725490868091583252 0.10588235408067703247 0.10588235408067703247 0.10588235408067703247 0.0078431377187371253967 0.15294118225574493408 0.015686275437474250793 0.11372549086809158325 0.035294119268655776978 0.19215686619281768799 0.13333334028720855713 0.094117648899555206299 0.094117648899555206299 0.090196080505847930908 0.094117648899555206299 0.062745101749897003174 0.047058824449777603149 0.40784314274787902832 0.27450981736183166504 0.070588238537311553955 0.14117647707462310791 0.14117647707462310791
0 0.094117648899555206299 0.094117648899555206299 0.019607843831181526184 0.035294119268655776978 0.16862745583057403564 0.35686275362968444824 0.090196080505847930908 0.062745101749897003174 0.05098039284348487854 0.047058824449777603149 0.047058824449777603149 0.047058824449777603149 0.039215687662363052368 0.05098039284348487854 0.031372550874948501587 0.043137256056070327759 0.098039217293262481689 0.13725490868091583252 0.10588235408067703247 0.10588235408067703247 0.10588235408067703247 0.0078431377187371253967 0.15294118225574493408 0.015686275437474250793 0.11372549086809158325 0.035294119268655776978 0.19215686619281768799 0.13333334028720855713 0.094117648899555206299 0.094117648899555206299 0.090196080505847930908 0.094117648899555206299 0.062745101749897003174 0.047058824449777603149 0.40784314274787902832 0.27450981736183166504 0.070588238537311553955 0.14117647707462310791 0.14117647707462310791
0.10588235408067703247 0.011764706112444400787 0.011764706112444400787 0.13725490868091583252 0 0.031372550874948501587 0.054901961237192153931 0.14901961386203765869 0.10980392247438430786 0.0039215688593685626984 0.011764706112444400787 0.011764706112444400787 0.070588238537311553955 0.039215687662363052368 0.043137256056070327759 0.074509806931018829346 0.062745101749897003174 0.0078431377187371253967 0.0039215688593685626984 0.10980392247438430786 0.10980392247438430786 0.10980392247438430786 0.074509806931018829346 0.15686275064945220947 0.054901961237192153931 0.14117647707462310791 0.0039215688593685626984 0.098039217293262481689 0.094117648899555206299 0.47843137383460998535 0.47843137383460998535 0.23921568691730499268 0.090196080505847930908 0.05098039284348487854 0.090196080505847930908 0.098039217293262481689 0.062745101749897003174 0.52156865596771240234 0.54509806632995605469 0.54509806632995605469
0.12941177189350128174 0.12941177189350128174 0.023529412224888801575 0.062745101749897003174 0.070588238537311553955 0.015686275437474250793 0.015686275437474250793 0.17254902422428131104 0.20000000298023223877 0.16862745583057403564 0.16862745583057403564 0.011764706112444400787 0 0.0078431377187371253967 0.13333334028720855713 0 0.070588238537311553955 0 0.0039215688593685626984 0.0039215688593685626984 0.0039215688593685626984 0 0.027450980618596076965 0.23529411852359771729 0.11764705926179885864 0.047058824449777603149 0.078431375324726104736 0.23137255012989044189 0.2509804069995880127 0.2509804069995880127 0.070588238537311553955 0.043137256056070327759 0.18431372940540313721 0.12941177189350128174 0.26274511218070983887 0.13333334028720855713 0.011764706112444400787 0.54901963472366333008 0.54901963472366333008 0.0078431377187371253967
0.16470588743686676025 0.16470588743686676025 0.14117647707462310791 0.13725490868091583252 0.20000000298023223877 0.0078431377187371253967 0 0.12549020349979400635 0.078431375324726104736 0.035294119268655776978 0.035294119268655776978 0.031372550874948501587 0.082352943718433380127 0.015686275437474250793 0 0.011764706112444400787 0.027450980618596076965 0.062745101749897003174 0.0039215688593685626984 0.0039215688593685626984 0.0039215688593685626984 0.027450980618596076965 0.015686275437474250793 0.043137256056070327759 0.058823529630899429321 0.011764706112444400787 0.019607843831181526184 0.13333334028720855713 0.10588235408067703247 0.10588235408067703247 0.47058823704719543457 0.10588235408067703247 0.21176470816135406494 0.16862745583057403564 0.011764706112444400787 0.17647059261798858643 0.30980393290519714355 0.21568627655506134033 0.21568627655506134033 0.12156862765550613403
0.16470588743686676025 0.16470588743686676025 0.14117647707462310791 0.13725490868091583252 0.20000000298023223877 0.0078431377187371253967 0 0.12549020349979400635 0.078431375324726104736 0.035294119268655776978 0.035294119268655776978 0.031372550874948501587 0.082352943718433380127 0.015686275437474250793 0 0.011764706112444400787 0.027450980618596076965 0.062745101749897003174 0.0039215688593685626984 0.0039215688593685626984 0.0039215688593685626984 0.027450980618596076965 0.015686275437474250793 0.043137256056070327759 0.058823529630899429321 0.011764706112444400787 0.019607843831181526184 0.13333334028720855713 0.10588235408067703247 0.10588235408067703247 0.47058823704719543457 0.10588235408067703247 0.21176470816135406494 0.16862745583057403564 0.011764706112444400787 0.17647059261798858643 0.30980393290519714355 0.21568627655506134033 0.21568627655506134033 0.12156862765550613403
0.1450980454683303833 0.1450980454683303833 0.011764706112444400787 0.058823529630899429321 0.019607843831181526184 0.0078431377187371253967 0 0.078431375324726104736 0.34117648005485534668 0.21568627655506134033 0.21568627655506134033 0.047058824449777603149 0.10588235408067703247 0.12549020349979400635 0.0078431377187371253967 0.0078431377187371253967 0.0039215688593685626984 0.011764706112444400787 0.0039215688593685626984 0.0039215688593685626984 0.0039215688593685626984 0 0.031372550874948501587 0.011764706112444400787 0.043137256056070327759 0.05098039284348487854 0.086274512112140655518 0.2274509817361831665 0.13333334028720855713 0.13333334028720855713 0.41176471114158630371 0.086274512112140655518 0.074509806931018829346 0.22352941334247589111 0.12156862765550613403 0.20392157137393951416 0.035294119268655776978 0.10196078568696975708 0.10196078568696975708 0.20392157137393951416
0.32156863808631896973 0.32156863808631896973 0.0039215688593685626984 0.13725490868091583252 0.0078431377187371253967 0.011764706112444400787 0.023529412224888801575 0 0.047058824449777603149 0.066666670143604278564 0.066666670143604278564 0.019607843831181526184 0.027450980618596076965 0.10588235408067703247 0.0039215688593685626984 0.0078431377187371253967 0.0039215688593685626984 0.0078431377187371253967 0 0 0 0 0 0 0 0.0078431377187371253967 0.0039215688593685626984 0.16470588743686676025 0.28627452254295349121 0.28627452254295349121 0.13725490868091583252 0.062745101749897003174 0.090196080505847930908 0.066666670143604278564 0.094117648899555206299 0.18431372940540313721 0.23137255012989044189 0.090196080505847930908 0.090196080505847930908 0.21568627655506134033
0.32156863808631896973 0.32156863808631896973 0.0039215688593685626984 0.13725490868091583252 0.0078431377187371253967 0.011764706112444400787 0.023529412224888801575 0 0.047058824449777603149 0.066666670143604278564 0.066666670143604278564 0.019607843831181526184 0.027450980618596076965 0.10588235408067703247 0.0039215688593685626984 0.0078431377187371253967 0.0039215688593685626984 0.0078431377187371253967 0 0 0 0 0 0 0 0.0078431377187371253967 0.0039215688593685626984 0.16470588743686676025 0.28627452254295349121 0.28627452254295349121 0.13725490868091583252 0.062745101749897003174 0.090196080505847930908 0.066666670143604278564 0.094117648899555206299 0.18431372940540313721 0.23137255012989044189 0.090196080505847930908 0.090196080505847930908 0.21568627655506134033
0.082352943718433380127 0.082352943718433380127 0.0078431377187371253967 0.16862745583057403564 0.0039215688593685626984 0.019607843831181526184 0.015686275437474250793 0.0039215688593685626984 0.0039215688593685626984 0.21960784494876861572 0.21960784494876861572 0.023529412224888801575 0.05098039284348487854 0.011764706112444400787 0.011764706112444400787 0 0.019607843831181526184 0.054901961237192153931 0 0 0 0.019607843831181526184 0.043137256056070327759 0.082352943718433380127 0.031372550874948501587 0.015686275437474250793 0.027450980618596076965 0.015686275437474250793 0.039215687662363052368 0.039215687662363052368 0.46666666865348815918 0.3764705955982208252 0.027450980618596076965 0.13725490868091583252 0.12941177189350128174 0.058823529630899429321 0.062745101749897003174 0.13725490868091583252 0.13725490868091583252 0.16862745583057403564
0.082352943718433380127 0.082352943718433380127 0.0078431377187371253967 0.16862745583057403564 0.0039215688593685626984 0.019607843831181526184 0.015686275437474250793 0.0039215688593685626984 0.0039215688593685626984 0.019607843831181526184 0.019607843831181526184 0.062745101749897003174 0.23137255012989044189 0.11372549086809158325 0.015686275437474250793 0.011764706112444400787 0.0039215688593685626984 0 0.019607843831181526184 0.019607843831181526184 0.019607843831181526184 0.011764706112444400787 0 0 0 0.0039215688593685626984 0.043137256056070327759 0.17647059261798858643 0.17647059261798858643 0.035294119268655776978 0.035294119268655776978 0.34117648005485534668 0.10980392247438430786 0.10588235408067703247 0.054901961237192153931 0.047058824449777603149 0.23137255012989044189 0.23137255012989044189 0.20000000298023223877 0.066666670143604278564
0.11372549086809158325 0.094117648899555206299 0.10980392247438430786 0.0039215688593685626984 0 0.0039215688593685626984 0.0078431377187371253967 0 0.090196080505847930908 0.090196080505847930908 0.019607843831181526184 0.062745101749897003174 0.23137255012989044189 0.11372549086809158325 0.015686275437474250793 0.011764706112444400787 0.0039215688593685626984 0.0039215688593685626984 0.0039215688593685626984 0.054901961237192153931 0.054901961237192153931 0.0039215688593685626984 0 0.0078431377187371253967 0.098039217293262481689 0.019607843831181526184 0 0.015686275437474250793 0.015686275437474250793 0.066666670143604278564 0.027450980618596076965 0.047058824449777603149 0.10196078568696975708 0.066666670143604278564 0.10588235408067703247 0.16470588743686676025 0.086274512112140655518 0.086274512112140655518 0.12156862765550613403 0.1882352977991104126
0.11372549086809158325 0.094117648899555206299 0.10980392247438430786 0.0039215688593685626984 0 0.0039215688593685626984 0.0078431377187371253967 0 0.090196080505847930908 0.090196080505847930908 0.019607843831181526184 0.062745101749897003174 0.23137255012989044189 0.11372549086809158325 0.015686275437474250793 0.011764706112444400787 0.0039215688593685626984 0.0039215688593685626984 0.0039215688593685626984 0.054901961237192153931 0.054901961237192153931 0.0039215688593685626984 0 0.0078431377187371253967 0.098039217293262481689 0.019607843831181526184 0 0.015686275437474250793 0.015686275437474250793 0.066666670143604278564 0.027450980618596076965 0.047058824449777603149 0.10196078568696975708 0.066666670143604278564 0.10588235408067703247 0.16470588743686676025 0.086274512112140655518 0.086274512112140655518 0.12156862765550613403 0.1882352977991104126
0.054901961237192153931 0.074509806931018829346 0.062745101749897003174 0 0.023529412224888801575 0 0.0078431377187371253967 0.0078431377187371253967 0.062745101749897003174 0.062745101749897003174 0.062745101749897003174 0.031372550874948501587 0.0078431377187371253967 0.24705882370471954346 0.011764706112444400787 0.054901961237192153931 0.0078431377187371253967 0.0039215688593685626984 0.0039215688593685626984 0.054901961237192153931 0.054901961237192153931 0.0039215688593685626984 0 0.0078431377187371253967 0.0078431377187371253967 0.0039215688593685626984 0.082352943718433380127 0.015686275437474250793 0.015686275437474250793 0.0078431377187371253967 0.11764705926179885864 0.12156862765550613403 0.078431375324726104736 0.18431372940540313721 0.28235295414924621582 0.11764705926179885864 0.16078431904315948486 0.16078431904315948486 0.039215687662363052368 0.28627452254295349121
0.094117648899555206299 0.035294119268655776978 0.12941177189350128174 0.074509806931018829346 0.0078431377187371253967 0.0039215688593685626984 0.011764706112444400787 0.0078431377187371253967 0 0 0.15686275064945220947 0.11764705926179885864 0.1450980454683303833 0.12549020349979400635 0.18431372940540313721 0.082352943718433380127 0.031372550874948501587 0.011764706112444400787 0.011764706112444400787 0.23137255012989044189 0.23137255012989044189 0.011764706112444400787 0.0078431377187371253967 0.015686275437474250793 0.0078431377187371253967 0.0039215688593685626984 0.082352943718433380127 0.015686275437474250793 0.015686275437474250793 0.0078431377187371253967 0.0078431377187371253967 0.027450980618596076965 0.039215687662363052368 0.13333334028720855713 0.20000000298023223877 0.058823529630899429321 0.086274512112140655518 0.086274512112140655518 0.10196078568696975708 0.14117647707462310791
