src/images/ros.asc
ncols        200
nrows        200
xllcorner    585206.524794285768
yllcorner    4554928.512238806114
dx           399.059533645238
dy           401.388289791044
[rows 36 to 53 of 200, columns 0 to 39 of 200]
0.082352943718433380127 0.082352943718433380127 0.24705882370471954346 0.047058824449777603149 0.22352941334247589111 0.14117647707462310791 0.023529412224888801575 0.15294118225574493408 0.027450980618596076965 0.13725490868091583252 0.015686275437474250793 0.015686275437474250793 0.05098039284348487854 0.082352943718433380127 0.015686275437474250793 0.023529412224888801575 0.019607843831181526184 0.011764706112444400787 0.066666670143604278564 0.039215687662363052368 0.039215687662363052368 0.023529412224888801575 0.05098039284348487854 0.015686275437474250793 0.074509806931018829346 0.0039215688593685626984 0.023529412224888801575 0.015686275437474250793 0.10588235408067703247 0.0078431377187371253967 0.0078431377187371253967 0.10588235408067703247 0.43137255311012268066 0.43137255311012268066 0.023529412224888801575 0.062745101749897003174 0.14117647707462310791 0.15294118225574493408 0.062745101749897003174 0.054901961237192153931
0.031372550874948501587 0.031372550874948501587 0.11764705926179885864 0.10588235408067703247 0.1450980454683303833 0.0078431377187371253967 0.31764706969261169434 0.15294118225574493408 0.027450980618596076965 0.13725490868091583252 0.015686275437474250793 0.015686275437474250793 0.05098039284348487854 0.082352943718433380127 0.015686275437474250793 0.027450980618596076965 0.086274512112140655518 0.019607843831181526184 0.011764706112444400787 0 0 0 0.031372550874948501587 0.015686275437474250793 0.10196078568696975708 0.035294119268655776978 0.0039215688593685626984 0.011764706112444400787 0.011764706112444400787 0.10196078568696975708 0.10196078568696975708 0.05098039284348487854 0.086274512112140655518 0.086274512112140655518 0.2509804069995880127 0.054901961237192153931 0.019607843831181526184 0.062745101749897003174 0.12549020349979400635 0.11764705926179885864
0.031372550874948501587 0.031372550874948501587 0.11764705926179885864 0.10588235408067703247 0.1450980454683303833 0.0078431377187371253967 0.31764706969261169434 0.15294118225574493408 0.027450980618596076965 0.13725490868091583252 0.015686275437474250793 0.015686275437474250793 0.05098039284348487854 0.082352943718433380127 0.015686275437474250793 0.027450980618596076965 0.086274512112140655518 0.019607843831181526184 0.011764706112444400787 0 0 0 0.031372550874948501587 0.015686275437474250793 0.10196078568696975708 0.035294119268655776978 0.0039215688593685626984 0.011764706112444400787 0.011764706112444400787 0.10196078568696975708 0.10196078568696975708 0.05098039284348487854 0.086274512112140655518 0.086274512112140655518 0.2509804069995880127 0.054901961237192153931 0.019607843831181526184 0.062745101749897003174 0.12549020349979400635 0.11764705926179885864
0.019607843831181526184 0.019607843831181526184 0.0078431377187371253967 0.0078431377187371253967 0.070588238537311553955 0.070588238537311553955 0.16470588743686676025 0.29411765933036804199 0.094117648899555206299 0.23921568691730499268 0.23921568691730499268 0.11764705926179885864 0.043137256056070327759 0.13725490868091583252 0.12156862765550613403 0.027450980618596076965 0.086274512112140655518 0.019607843831181526184 0.011764706112444400787 0 0 0 0.031372550874948501587 0.078431375324726104736 0.019607843831181526184 0.0078431377187371253967 0.043137256056070327759 0.011764706112444400787 0.035294119268655776978 0.035294119268655776978 0 0.054901961237192153931 0.062745101749897003174 0.062745101749897003174 0.18431372940540313721 0.31372550129890441895 0.58823531866073608398 0.12941177189350128174 0.16078431904315948486 0.082352943718433380127
0.05098039284348487854 0.05098039284348487854 0.011764706112444400787 0.023529412224888801575 0.019607843831181526184 0.066666670143604278564 0.027450980618596076965 0.1450980454683303833 0.30980393290519714355 0.26666668057441711426 0.26666668057441711426 0.11372549086809158325 0.15686275064945220947 0.12156862765550613403 0.078431375324726104736 0.043137256056070327759 0.015686275437474250793 0.027450980618596076965 0.011764706112444400787 0.019607843831181526184 0.019607843831181526184 0.015686275437474250793 0.0039215688593685626984 0.078431375324726104736 0.019607843831181526184 0.0078431377187371253967 0.043137256056070327759 0.011764706112444400787 0.035294119268655776978 0.035294119268655776978 0 0.031372550874948501587 0.023529412224888801575 0.023529412224888801575 0.058823529630899429321 0.039215687662363052368 0.39607843756675720215 0.21176470816135406494 0.41176471114158630371 0.16078431904315948486
0.05098039284348487854 0.05098039284348487854 0.011764706112444400787 0.023529412224888801575 0.019607843831181526184 0.066666670143604278564 0.027450980618596076965 0.1450980454683303833 0.30980393290519714355 0.26666668057441711426 0.26666668057441711426 0.11372549086809158325 0.15686275064945220947 0.12156862765550613403 0.078431375324726104736 0.043137256056070327759 0.015686275437474250793 0.027450980618596076965 0.011764706112444400787 0.019607843831181526184 0.019607843831181526184 0.015686275437474250793 0.0039215688593685626984 0.078431375324726104736 0.019607843831181526184 0.0078431377187371253967 0.043137256056070327759 0.011764706112444400787 0.035294119268655776978 0.035294119268655776978 0 0.031372550874948501587 0.023529412224888801575 0.023529412224888801575 0.058823529630899429321 0.039215687662363052368 0.39607843756675720215 0.21176470816135406494 0.41176471114158630371 0.16078431904315948486
0.047058824449777603149 0.047058824449777603149 0.019607843831181526184 0.027450980618596076965 0.0039215688593685626984 0.023529412224888801575 0.054901961237192153931 0.10588235408067703247 0.20392157137393951416 0.21568627655506134033 0.21568627655506134033 0.070588238537311553955 0.027450980618596076965 0.23137255012989044189 0.2509804069995880127 0.20392157137393951416 0.23137255012989044189 0.16078431904315948486 0.098039217293262481689 0.0039215688593685626984 0.0039215688593685626984 0.0078431377187371253967 0.0078431377187371253967 0.031372550874948501587 0.011764706112444400787 0.011764706112444400787 0.023529412224888801575 0.023529412224888801575 0.011764706112444400787 0.011764706112444400787 0.1882352977991104126 0.031372550874948501587 0.023529412224888801575 0.023529412224888801575 0.058823529630899429321 0.039215687662363052368 0.39607843756675720215 0.21176470816135406494 0.41176471114158630371 0.41176471114158630371
0.054901961237192153931 0.054901961237192153931 0.13725490868091583252 0.047058824449777603149 0.0039215688593685626984 0.054901961237192153931 0.0039215688593685626984 0.0078431377187371253967 0.11372549086809158325 0.05098039284348487854 0.05098039284348487854 0.090196080505847930908 0.027450980618596076965 0.20000000298023223877 0.2274509817361831665 0.094117648899555206299 0.18431372940540313721 0.25490197539329528809 0.043137256056070327759 0.043137256056070327759 0.011764706112444400787 0.031372550874948501587 0.035294119268655776978 0 0.031372550874948501587 0.035294119268655776978 0.019607843831181526184 0.015686275437474250793 0.047058824449777603149 0.047058824449777603149 0.023529412224888801575 0.015686275437474250793 0.039215687662363052368 0.039215687662363052368 0.011764706112444400787 0.14901961386203765869 0.52941179275512695312 0.48627451062202453613 0.015686275437474250793 0.015686275437474250793
0.035294119268655776978 0.011764706112444400787 0.0078431377187371253967 0.0078431377187371253967 0 0 0.0078431377187371253967 0.058823529630899429321 0.023529412224888801575 0.086274512112140655518 0.086274512112140655518 0.12156862765550613403 0.047058824449777603149 0.023529412224888801575 0.035294119268655776978 0.086274512112140655518 0.070588238537311553955 0.015686275437474250793 0.11372549086809158325 0.11372549086809158325 0.12156862765550613403 0.062745101749897003174 0.058823529630899429321 0.16862745583057403564 0.086274512112140655518 0.035294119268655776978 0.027450980618596076965 0.0039215688593685626984 0.082352943718433380127 0.082352943718433380127 0.0078431377187371253967 0.0039215688593685626984 0.0078431377187371253967 0.0078431377187371253967 0.031372550874948501587 0.34901961684226989746 0.47058823704719543457 0.074509806931018829346 0.05098039284348487854 0.05098039284348487854
0.035294119268655776978 0.011764706112444400787 0.0078431377187371253967 0.0078431377187371253967 0 0 0.0078431377187371253967 0.058823529630899429321 0.023529412224888801575 0.086274512112140655518 0.086274512112140655518 0.12156862765550613403 0.047058824449777603149 0.023529412224888801575 0.035294119268655776978 0.086274512112140655518 0.070588238537311553955 0.015686275437474250793 0.11372549086809158325 0.11372549086809158325 0.12156862765550613403 0.062745101749897003174 0.058823529630899429321 0.16862745583057403564 0.086274512112140655518 0.035294119268655776978 0.027450980618596076965 0.0039215688593685626984 0.082352943718433380127 0.082352943718433380127 0.0078431377187371253967 0.0039215688593685626984 0.0078431377187371253967 0.0078431377187371253967 0.031372550874948501587 0.34901961684226989746 0.47058823704719543457 0.074509806931018829346 0.05098039284348487854 0.05098039284348487854
0.058823529630899429321 0.078431375324726104736 0.043137256056070327759 0.035294119268655776978 0.019607843831181526184 0.011764706112444400787 0.05098039284348487854 0.078431375324726104736 0.058823529630899429321 0.019607843831181526184 0.019607843831181526184 0.074509806931018829346 0.05098039284348487854 0.035294119268655776978 0.05098039284348487854 0.039215687662363052368 0.090196080505847930908 0.12941177189350128174 0.10196078568696975708 0.10196078568696975708 0.047058824449777603149 0.066666670143604278564 0.05098039284348487854 0.17647059261798858643 0.27058824896812438965 0.20392157137393951416 0.082352943718433380127 0.070588238537311553955 0.05098039284348487854 0.05098039284348487854 0.031372550874948501587 0.066666670143604278564 0.10588235408067703247 0.10588235408067703247 0.18431372940540313721 0.32156863808631896973 0.10196078568696975708 0.14117647707462310791 0.81960785388946533203 0.81960785388946533203
0.035294119268655776978 0 0.011764706112444400787 0.019607843831181526184 0.086274512112140655518 0.0078431377187371253967 0.035294119268655776978 0.043137256056070327759 0.023529412224888801575 0.074509806931018829346 0.074509806931018829346 0.015686275437474250793 0.054901961237192153931 0.10588235408067703247 0.023529412224888801575 0.047058824449777603149 0.05098039284348487854 0.0039215688593685626984 0.058823529630899429321 0.058823529630899429321 0.023529412224888801575 0.0078431377187371253967 0.019607843831181526184 0.12941177189350128174 0.10980392247438430786 0.054901961237192153931 0.26274511218070983887 0.39607843756675720215 0.39607843756675720215 0.20000000298023223877 0.27843138575553894043 0.36470589041709899902 0.29411765933036804199 0.29411765933036804199 0.16078431904315948486 0.61960786581039428711 0.035294119268655776978 0.16078431904315948486 0.29411765933036804199 0.29411765933036804199
0.035294119268655776978 0 0.011764706112444400787 0.019607843831181526184 0.086274512112140655518 0.0078431377187371253967 0.035294119268655776978 0.043137256056070327759 0.023529412224888801575 0.074509806931018829346 0.074509806931018829346 0.015686275437474250793 0.054901961237192153931 0.10588235408067703247 0.023529412224888801575 0.047058824449777603149 0.05098039284348487854 0.0039215688593685626984 0.058823529630899429321 0.058823529630899429321 0.023529412224888801575 0.0078431377187371253967 0.019607843831181526184 0.12941177189350128174 0.10980392247438430786 0.054901961237192153931 0.26274511218070983887 0.39607843756675720215 0.39607843756675720215 0.20000000298023223877 0.27843138575553894043 0.36470589041709899902 0.29411765933036804199 0.29411765933036804199 0.16078431904315948486 0.61960786581039428711 0.035294119268655776978 0.16078431904315948486 0.29411765933036804199 0.29411765933036804199
0 0.0039215688593685626984 0.031372550874948501587 0.0039215688593685626984 0.031372550874948501587 0.0039215688593685626984 0.0039215688593685626984 0.023529412224888801575 0 0 0.011764706112444400787 0 0.011764706112444400787 0.011764706112444400787 0.066666670143604278564 0.20392157137393951416 0.031372550874948501587 0.0039215688593685626984 0.047058824449777603149 0.047058824449777603149 0.043137256056070327759 0.0078431377187371253967 0.027450980618596076965 0.10588235408067703247 0.011764706112444400787 0.12941177189350128174 0.21176470816135406494 0.18039216101169586182 0.18039216101169586182 0.32941177487373352051 0.38039216399192810059 0.36862745881080627441 0.25882354378700256348 0.25882354378700256348 0.26274511218070983887 0.44313725829124450684 0.023529412224888801575 0.18039216101169586182 0.39607843756675720215 0.39607843756675720215
0 0.0039215688593685626984 0.043137256056070327759 0.015686275437474250793 0.039215687662363052368 0.0078431377187371253967 0 0.062745101749897003174 0 0 0.0039215688593685626984 0 0.015686275437474250793 0.015686275437474250793 0.12156862765550613403 0.0078431377187371253967 0.027450980618596076965 0.039215687662363052368 0.0078431377187371253967 0.0078431377187371253967 0.0039215688593685626984 0 0.015686275437474250793 0.015686275437474250793 0 0.17254902422428131104 0.094117648899555206299 0.22352941334247589111 0.22352941334247589111 0.29803922772407531738 0.17254902422428131104 0.25490197539329528809 0.45098039507865905762 0.45098039507865905762 0.090196080505847930908 0.10196078568696975708 0.35686275362968444824 0.14901961386203765869 0.10196078568696975708 0.10196078568696975708
0.011764706112444400787 0.011764706112444400787 0.0039215688593685626984 0.015686275437474250793 0 0.019607843831181526184 0 0.0078431377187371253967 0.019607843831181526184 0.019607843831181526184 0.035294119268655776978 0.023529412224888801575 0.066666670143604278564 0.058823529630899429321 0.019607843831181526184 0.035294119268655776978 0.0078431377187371253967 0.0039215688593685626984 0 0 0.0039215688593685626984 0.0039215688593685626984 0.015686275437474250793 0.0039215688593685626984 0.0039215688593685626984 0.0039215688593685626984 0.0039215688593685626984 0.011764706112444400787 0.011764706112444400787 0.035294119268655776978 0.043137256056070327759 0.32156863808631896973 0.062745101749897003174 0.062745101749897003174 0.19607843458652496338 0.17647059261798858643 0.52941179275512695312 0.56862747669219970703 0.56862747669219970703 0.17254902422428131104
0.011764706112444400787 0.011764706112444400787 0.0039215688593685626984 0.015686275437474250793 0 0.019607843831181526184 0 0.0078431377187371253967 0.019607843831181526184 0.019607843831181526184 0.035294119268655776978 0.023529412224888801575 0.066666670143604278564 0.058823529630899429321 0.019607843831181526184 0.035294119268655776978 0.0078431377187371253967 0.0039215688593685626984 0 0 0.0039215688593685626984 0.0039215688593685626984 0.015686275437474250793 0.0039215688593685626984 0.0039215688593685626984 0.0039215688593685626984 0.0039215688593685626984 0.011764706112444400787 0.011764706112444400787 0.035294119268655776978 0.043137256056070327759 0.32156863808631896973 0.062745101749897003174 0.062745101749897003174 0.19607843458652496338 0.17647059261798858643 0.52941179275512695312 0.56862747669219970703 0.56862747669219970703 0.17254902422428131104
0.011764706112444400787 0.015686275437474250793 0.011764706112444400787 0.035294119268655776978 0.027450980618596076965 0.043137256056070327759 0.0078431377187371253967 0.027450980618596076965 0 0 0.094117648899555206299 0.0039215688593685626984 0.047058824449777603149 0.074509806931018829346 0.027450980618596076965 0.027450980618596076965 0.011764706112444400787 0.047058824449777603149 0.047058824449777603149 0.015686275437474250793 0.015686275437474250793 0 0 0.054901961237192153931 0.011764706112444400787 0.074509806931018829346 0.023529412224888801575 0.015686275437474250793 0.015686275437474250793 0.015686275437474250793 0.0039215688593685626984 0.023529412224888801575 0.14117647707462310791 0.14117647707462310791 0.12156862765550613403 0.24705882370471954346 0.066666670143604278564 0.1882352977991104126 0.1882352977991104126 0.043137256056070327759
